  0.000000000000000000e+00   0.000000000000000000e+00 
                         2 
                        56                         14 
  1.628551632165701514e-03   0.000000000000000000e+00 
  1.586312949657439353e-01   0.000000000000000000e+00 
  8.214354747907763815e-04   0.000000000000000000e+00 
  1.853610854595897630e-03   0.000000000000000000e+00 
  5.881919991225002461e-03   0.000000000000000000e+00 
 -2.789689786732211380e-02   0.000000000000000000e+00 
  1.291848719120045584e-03   0.000000000000000000e+00 
 -4.814545158296823502e-03   0.000000000000000000e+00 
  9.894946590065956116e-03   0.000000000000000000e+00 
 -1.727416645735502677e-03   0.000000000000000000e+00 
 -1.227520173415541866e-03   0.000000000000000000e+00 
 -2.972157926706131548e-05   0.000000000000000000e+00 
 -2.508566481992601915e-03   0.000000000000000000e+00 
 -4.982883110642002738e-04   0.000000000000000000e+00 
  2.541656838729977608e-03   0.000000000000000000e+00 
 -3.550884139258414507e-05   0.000000000000000000e+00 
 -9.487465620040895775e-01   0.000000000000000000e+00 
 -8.916176157070495115e-04   0.000000000000000000e+00 
 -3.318230854347348647e-03   0.000000000000000000e+00 
 -1.418492523953318813e-03   0.000000000000000000e+00 
  2.582428157329557661e-01   0.000000000000000000e+00 
 -2.422649879008531137e-03   0.000000000000000000e+00 
 -2.373711904510855675e-03   0.000000000000000000e+00 
  8.213308453559869937e-02   0.000000000000000000e+00 
 -3.880347358062795587e-04   0.000000000000000000e+00 
  5.424621049314738187e-03   0.000000000000000000e+00 
  2.310192445293068018e-03   0.000000000000000000e+00 
  8.149453997612000899e-02   0.000000000000000000e+00 
  0.000000000000000000e+00   0.000000000000000000e+00 
  0.000000000000000000e+00   0.000000000000000000e+00 
  0.000000000000000000e+00   0.000000000000000000e+00 
  0.000000000000000000e+00   0.000000000000000000e+00 
  0.000000000000000000e+00   0.000000000000000000e+00 
  0.000000000000000000e+00   0.000000000000000000e+00 
  0.000000000000000000e+00   0.000000000000000000e+00 
  0.000000000000000000e+00   0.000000000000000000e+00 
  0.000000000000000000e+00   0.000000000000000000e+00 
  0.000000000000000000e+00   0.000000000000000000e+00 
  0.000000000000000000e+00   0.000000000000000000e+00 
  0.000000000000000000e+00   0.000000000000000000e+00 
  0.000000000000000000e+00   0.000000000000000000e+00 
  0.000000000000000000e+00   0.000000000000000000e+00 
  0.000000000000000000e+00   0.000000000000000000e+00 
  0.000000000000000000e+00   0.000000000000000000e+00 
  0.000000000000000000e+00   0.000000000000000000e+00 
  0.000000000000000000e+00   0.000000000000000000e+00 
  0.000000000000000000e+00   0.000000000000000000e+00 
  0.000000000000000000e+00   0.000000000000000000e+00 
  0.000000000000000000e+00   0.000000000000000000e+00 
  0.000000000000000000e+00   0.000000000000000000e+00 
  0.000000000000000000e+00   0.000000000000000000e+00 
  0.000000000000000000e+00   0.000000000000000000e+00 
  0.000000000000000000e+00   0.000000000000000000e+00 
  0.000000000000000000e+00   0.000000000000000000e+00 
  0.000000000000000000e+00   0.000000000000000000e+00 
  0.000000000000000000e+00   0.000000000000000000e+00 
  1.290518697351089421e-02   0.000000000000000000e+00 
  8.806913974696053667e-04   0.000000000000000000e+00 
  1.530060619115830856e-01   0.000000000000000000e+00 
 -9.930015541613101959e-03   0.000000000000000000e+00 
  5.381660535931584617e-03   0.000000000000000000e+00 
  8.281655027528950436e-04   0.000000000000000000e+00 
  6.596094463020495471e-03   0.000000000000000000e+00 
 -4.968907218426467723e-03   0.000000000000000000e+00 
 -3.697244101203966678e-04   0.000000000000000000e+00 
 -4.439909011125564575e-03   0.000000000000000000e+00 
  7.545226719230416039e-03   0.000000000000000000e+00 
 -6.168172694742680680e-04   0.000000000000000000e+00 
  1.779758371412753842e-03   0.000000000000000000e+00 
 -6.270304322242735706e-01   0.000000000000000000e+00 
  7.400541799142956734e-04   0.000000000000000000e+00 
  1.826452789828181267e-03   0.000000000000000000e+00 
  9.483772446400998753e-04   0.000000000000000000e+00 
  7.556285262107849121e-01   0.000000000000000000e+00 
  4.208405734971160236e-04   0.000000000000000000e+00 
  7.597915246151370344e-04   0.000000000000000000e+00 
  2.784327080006273160e-04   0.000000000000000000e+00 
 -2.149151405319571495e-03   0.000000000000000000e+00 
 -1.098706200718879700e-02   0.000000000000000000e+00 
  1.538765034638343941e-03   0.000000000000000000e+00 
 -1.212752703577285075e-02   0.000000000000000000e+00 
  1.634822809137405049e-03   0.000000000000000000e+00 
 -2.901569008827210340e-03   0.000000000000000000e+00 
  1.671719364821878766e-03   0.000000000000000000e+00 
  0.000000000000000000e+00   0.000000000000000000e+00 
  0.000000000000000000e+00   0.000000000000000000e+00 
  0.000000000000000000e+00   0.000000000000000000e+00 
  0.000000000000000000e+00   0.000000000000000000e+00 
  0.000000000000000000e+00   0.000000000000000000e+00 
  0.000000000000000000e+00   0.000000000000000000e+00 
  0.000000000000000000e+00   0.000000000000000000e+00 
  0.000000000000000000e+00   0.000000000000000000e+00 
  0.000000000000000000e+00   0.000000000000000000e+00 
  0.000000000000000000e+00   0.000000000000000000e+00 
  0.000000000000000000e+00   0.000000000000000000e+00 
  0.000000000000000000e+00   0.000000000000000000e+00 
  0.000000000000000000e+00   0.000000000000000000e+00 
  0.000000000000000000e+00   0.000000000000000000e+00 
  0.000000000000000000e+00   0.000000000000000000e+00 
  0.000000000000000000e+00   0.000000000000000000e+00 
  0.000000000000000000e+00   0.000000000000000000e+00 
  0.000000000000000000e+00   0.000000000000000000e+00 
  0.000000000000000000e+00   0.000000000000000000e+00 
  0.000000000000000000e+00   0.000000000000000000e+00 
  0.000000000000000000e+00   0.000000000000000000e+00 
  0.000000000000000000e+00   0.000000000000000000e+00 
  0.000000000000000000e+00   0.000000000000000000e+00 
  0.000000000000000000e+00   0.000000000000000000e+00 
  0.000000000000000000e+00   0.000000000000000000e+00 
  0.000000000000000000e+00   0.000000000000000000e+00 
  0.000000000000000000e+00   0.000000000000000000e+00 
  0.000000000000000000e+00   0.000000000000000000e+00 
  4.289665725080137222e-03   0.000000000000000000e+00 
  4.814954474568422516e-02   0.000000000000000000e+00 
  8.397283963858987593e-03   0.000000000000000000e+00 
 -6.074251723475683788e-05   0.000000000000000000e+00 
  2.709027146920558755e-03   0.000000000000000000e+00 
 -1.082225814461706681e-01   0.000000000000000000e+00 
  2.921727020293486340e-03   0.000000000000000000e+00 
 -5.580734461545943347e-03   0.000000000000000000e+00 
  1.278080744668840549e-04   0.000000000000000000e+00 
 -8.653865195810796565e-03   0.000000000000000000e+00 
 -8.442600257694722957e-03   0.000000000000000000e+00 
 -1.414394704625010490e-03   0.000000000000000000e+00 
 -2.217604313045739694e-03   0.000000000000000000e+00 
 -1.160933729261163193e-02   0.000000000000000000e+00 
 -1.011159256449900161e-04   0.000000000000000000e+00 
  1.845952356234192848e-03   0.000000000000000000e+00 
  6.597629934549339992e-02   0.000000000000000000e+00 
 -1.238267868757240465e-02   0.000000000000000000e+00 
  1.853159745223819342e-03   0.000000000000000000e+00 
 -4.422858357429504395e-03   0.000000000000000000e+00 
 -3.976143896579741738e-02   0.000000000000000000e+00 
 -8.445815183222292119e-03   0.000000000000000000e+00 
  3.003955585882067247e-03   0.000000000000000000e+00 
 -2.866350412368773304e-01   0.000000000000000000e+00 
 -1.095219794660801105e-02   0.000000000000000000e+00 
 -8.053422061493896748e-05   0.000000000000000000e+00 
  4.185658879578113556e-03   0.000000000000000000e+00 
  9.779840707778930664e-01   0.000000000000000000e+00 
  0.000000000000000000e+00   0.000000000000000000e+00 
  0.000000000000000000e+00   0.000000000000000000e+00 
  0.000000000000000000e+00   0.000000000000000000e+00 
  0.000000000000000000e+00   0.000000000000000000e+00 
  0.000000000000000000e+00   0.000000000000000000e+00 
  0.000000000000000000e+00   0.000000000000000000e+00 
  0.000000000000000000e+00   0.000000000000000000e+00 
  0.000000000000000000e+00   0.000000000000000000e+00 
  0.000000000000000000e+00   0.000000000000000000e+00 
  0.000000000000000000e+00   0.000000000000000000e+00 
  0.000000000000000000e+00   0.000000000000000000e+00 
  0.000000000000000000e+00   0.000000000000000000e+00 
  0.000000000000000000e+00   0.000000000000000000e+00 
  0.000000000000000000e+00   0.000000000000000000e+00 
  0.000000000000000000e+00   0.000000000000000000e+00 
  0.000000000000000000e+00   0.000000000000000000e+00 
  0.000000000000000000e+00   0.000000000000000000e+00 
  0.000000000000000000e+00   0.000000000000000000e+00 
  0.000000000000000000e+00   0.000000000000000000e+00 
  0.000000000000000000e+00   0.000000000000000000e+00 
  0.000000000000000000e+00   0.000000000000000000e+00 
  0.000000000000000000e+00   0.000000000000000000e+00 
  0.000000000000000000e+00   0.000000000000000000e+00 
  0.000000000000000000e+00   0.000000000000000000e+00 
  0.000000000000000000e+00   0.000000000000000000e+00 
  0.000000000000000000e+00   0.000000000000000000e+00 
  0.000000000000000000e+00   0.000000000000000000e+00 
  0.000000000000000000e+00   0.000000000000000000e+00 
 -5.094439908861950889e-02   0.000000000000000000e+00 
  8.023574016987991206e-03   0.000000000000000000e+00 
  1.071781590580940385e-01   0.000000000000000000e+00 
  1.553037087433041660e-03   0.000000000000000000e+00 
  3.391751553863283069e-03   0.000000000000000000e+00 
  5.533576011657679282e-03   0.000000000000000000e+00 
 -8.595230174250755462e-04   0.000000000000000000e+00 
 -6.771467160433531675e-03   0.000000000000000000e+00 
 -3.360168542712927732e-03   0.000000000000000000e+00 
 -7.658797781914474315e-03   0.000000000000000000e+00 
 -2.508221659809352268e-03   0.000000000000000000e+00 
  1.564934500493109443e-03   0.000000000000000000e+00 
 -7.431492558680471506e-04   0.000000000000000000e+00 
 -7.074198871850960468e-02   0.000000000000000000e+00 
 -4.214026033878326416e-03   0.000000000000000000e+00 
 -4.236440174281597137e-03   0.000000000000000000e+00 
  6.013847421854669369e-03   0.000000000000000000e+00 
 -1.017410531640052795e-01   0.000000000000000000e+00 
  2.635579090565442172e-03   0.000000000000000000e+00 
 -4.406418593134744065e-04   0.000000000000000000e+00 
  2.206026576459414745e-03   0.000000000000000000e+00 
 -8.616922423243520909e-03   0.000000000000000000e+00 
 -4.649250302463769913e-03   0.000000000000000000e+00 
 -3.795907599851631748e-03   0.000000000000000000e+00 
  9.934564828872678444e-01   0.000000000000000000e+00 
  1.346978009678421670e-03   0.000000000000000000e+00 
 -3.476468846201896667e-03   0.000000000000000000e+00 
 -2.734791254624671479e-03   0.000000000000000000e+00 
  0.000000000000000000e+00   0.000000000000000000e+00 
  0.000000000000000000e+00   0.000000000000000000e+00 
  0.000000000000000000e+00   0.000000000000000000e+00 
  0.000000000000000000e+00   0.000000000000000000e+00 
  0.000000000000000000e+00   0.000000000000000000e+00 
  0.000000000000000000e+00   0.000000000000000000e+00 
  0.000000000000000000e+00   0.000000000000000000e+00 
  0.000000000000000000e+00   0.000000000000000000e+00 
  0.000000000000000000e+00   0.000000000000000000e+00 
  0.000000000000000000e+00   0.000000000000000000e+00 
  0.000000000000000000e+00   0.000000000000000000e+00 
  0.000000000000000000e+00   0.000000000000000000e+00 
  0.000000000000000000e+00   0.000000000000000000e+00 
  0.000000000000000000e+00   0.000000000000000000e+00 
  0.000000000000000000e+00   0.000000000000000000e+00 
  0.000000000000000000e+00   0.000000000000000000e+00 
  0.000000000000000000e+00   0.000000000000000000e+00 
  0.000000000000000000e+00   0.000000000000000000e+00 
  0.000000000000000000e+00   0.000000000000000000e+00 
  0.000000000000000000e+00   0.000000000000000000e+00 
  0.000000000000000000e+00   0.000000000000000000e+00 
  0.000000000000000000e+00   0.000000000000000000e+00 
  0.000000000000000000e+00   0.000000000000000000e+00 
  0.000000000000000000e+00   0.000000000000000000e+00 
  0.000000000000000000e+00   0.000000000000000000e+00 
  0.000000000000000000e+00   0.000000000000000000e+00 
  0.000000000000000000e+00   0.000000000000000000e+00 
  0.000000000000000000e+00   0.000000000000000000e+00 
  3.549831220879043608e-03   0.000000000000000000e+00 
 -6.263101100921614206e-02   0.000000000000000000e+00 
  5.388026125729232334e-03   0.000000000000000000e+00 
  6.535553256981084568e-04   0.000000000000000000e+00 
  4.245162010192867624e-03   0.000000000000000000e+00 
  4.070543497800827026e-02   0.000000000000000000e+00 
 -9.211313910782273004e-03   0.000000000000000000e+00 
 -4.733080975711347407e-03   0.000000000000000000e+00 
  6.337770028039821715e-04   0.000000000000000000e+00 
  2.964573213830591549e-03   0.000000000000000000e+00 
  9.158561937510968989e-03   0.000000000000000000e+00 
 -3.682468784973025322e-03   0.000000000000000000e+00 
 -4.095431882888077822e-03   0.000000000000000000e+00 
  1.218165457248688265e-02   0.000000000000000000e+00 
 -3.242343664169311523e-03   0.000000000000000000e+00 
 -3.461954183876511724e-04   0.000000000000000000e+00 
 -1.493316292762756903e-01   0.000000000000000000e+00 
  1.167318690568208521e-02   0.000000000000000000e+00 
  9.708140278235083279e-04   0.000000000000000000e+00 
  3.017487702891228415e-03   0.000000000000000000e+00 
 -9.961123764514932810e-02   0.000000000000000000e+00 
 -1.069629658013582056e-02   0.000000000000000000e+00 
 -4.665053915232419968e-03   0.000000000000000000e+00 
 -9.657810330390929066e-01   0.000000000000000000e+00 
  1.027307938784359845e-02   0.000000000000000000e+00 
  3.923164214938879880e-03   0.000000000000000000e+00 
 -1.209334819577634118e-03   0.000000000000000000e+00 
 -2.670056819915771484e-01   0.000000000000000000e+00 
  0.000000000000000000e+00   0.000000000000000000e+00 
  0.000000000000000000e+00   0.000000000000000000e+00 
  0.000000000000000000e+00   0.000000000000000000e+00 
  0.000000000000000000e+00   0.000000000000000000e+00 
  0.000000000000000000e+00   0.000000000000000000e+00 
  0.000000000000000000e+00   0.000000000000000000e+00 
  0.000000000000000000e+00   0.000000000000000000e+00 
  0.000000000000000000e+00   0.000000000000000000e+00 
  0.000000000000000000e+00   0.000000000000000000e+00 
  0.000000000000000000e+00   0.000000000000000000e+00 
  0.000000000000000000e+00   0.000000000000000000e+00 
  0.000000000000000000e+00   0.000000000000000000e+00 
  0.000000000000000000e+00   0.000000000000000000e+00 
  0.000000000000000000e+00   0.000000000000000000e+00 
  0.000000000000000000e+00   0.000000000000000000e+00 
  0.000000000000000000e+00   0.000000000000000000e+00 
  0.000000000000000000e+00   0.000000000000000000e+00 
  0.000000000000000000e+00   0.000000000000000000e+00 
  0.000000000000000000e+00   0.000000000000000000e+00 
  0.000000000000000000e+00   0.000000000000000000e+00 
  0.000000000000000000e+00   0.000000000000000000e+00 
  0.000000000000000000e+00   0.000000000000000000e+00 
  0.000000000000000000e+00   0.000000000000000000e+00 
  0.000000000000000000e+00   0.000000000000000000e+00 
  0.000000000000000000e+00   0.000000000000000000e+00 
  0.000000000000000000e+00   0.000000000000000000e+00 
  0.000000000000000000e+00   0.000000000000000000e+00 
  0.000000000000000000e+00   0.000000000000000000e+00 
  1.866186736151577777e-03   0.000000000000000000e+00 
  5.129720084369184321e-03   0.000000000000000000e+00 
  1.855148118920622738e-03   0.000000000000000000e+00 
  3.125264542177267485e-03   0.000000000000000000e+00 
  2.130529284477264071e-02   0.000000000000000000e+00 
  3.296808572486043410e-03   0.000000000000000000e+00 
 -5.939020775258540240e-03   0.000000000000000000e+00 
 -1.845908910036082595e-01   0.000000000000000000e+00 
  5.862934514880172032e-02   0.000000000000000000e+00 
  2.607420086860687096e-03   0.000000000000000000e+00 
  8.818317204713890800e-03   0.000000000000000000e+00 
  1.109263952821493149e-02   0.000000000000000000e+00 
  7.318401243537663546e-03   0.000000000000000000e+00 
 -5.510023329406987542e-04   0.000000000000000000e+00 
 -8.924808353185653687e-03   0.000000000000000000e+00 
  8.338419720530509949e-03   0.000000000000000000e+00 
  8.870542980730535335e-03   0.000000000000000000e+00 
 -2.174479421228172130e-03   0.000000000000000000e+00 
  6.282291561365127563e-02   0.000000000000000000e+00 
  1.550363451242447455e-01   0.000000000000000000e+00 
  6.644867360591889295e-03   0.000000000000000000e+00 
  2.750090695917624048e-02   0.000000000000000000e+00 
 -8.347056806087455733e-03   0.000000000000000000e+00 
  9.341880795545881447e-04   0.000000000000000000e+00 
  2.564304450061169536e-04   0.000000000000000000e+00 
 -8.299113512039186791e-01   0.000000000000000000e+00 
  4.425529539585114636e-01   0.000000000000000000e+00 
 -2.668940287549050831e-04   0.000000000000000000e+00 
  0.000000000000000000e+00   0.000000000000000000e+00 
  0.000000000000000000e+00   0.000000000000000000e+00 
  0.000000000000000000e+00   0.000000000000000000e+00 
  0.000000000000000000e+00   0.000000000000000000e+00 
  0.000000000000000000e+00   0.000000000000000000e+00 
  0.000000000000000000e+00   0.000000000000000000e+00 
  0.000000000000000000e+00   0.000000000000000000e+00 
  0.000000000000000000e+00   0.000000000000000000e+00 
  0.000000000000000000e+00   0.000000000000000000e+00 
  0.000000000000000000e+00   0.000000000000000000e+00 
  0.000000000000000000e+00   0.000000000000000000e+00 
  0.000000000000000000e+00   0.000000000000000000e+00 
  0.000000000000000000e+00   0.000000000000000000e+00 
  0.000000000000000000e+00   0.000000000000000000e+00 
  0.000000000000000000e+00   0.000000000000000000e+00 
  0.000000000000000000e+00   0.000000000000000000e+00 
  0.000000000000000000e+00   0.000000000000000000e+00 
  0.000000000000000000e+00   0.000000000000000000e+00 
  0.000000000000000000e+00   0.000000000000000000e+00 
  0.000000000000000000e+00   0.000000000000000000e+00 
  0.000000000000000000e+00   0.000000000000000000e+00 
  0.000000000000000000e+00   0.000000000000000000e+00 
  0.000000000000000000e+00   0.000000000000000000e+00 
  0.000000000000000000e+00   0.000000000000000000e+00 
  0.000000000000000000e+00   0.000000000000000000e+00 
  0.000000000000000000e+00   0.000000000000000000e+00 
  0.000000000000000000e+00   0.000000000000000000e+00 
  0.000000000000000000e+00   0.000000000000000000e+00 
  2.396198222413656927e-03   0.000000000000000000e+00 
 -1.690735691227017532e-03   0.000000000000000000e+00 
 -2.611602889373898940e-03   0.000000000000000000e+00 
 -2.753560617566117377e-02   0.000000000000000000e+00 
 -8.672504685819076159e-03   0.000000000000000000e+00 
 -9.074426488950832316e-04   0.000000000000000000e+00 
 -9.936662390828139135e-04   0.000000000000000000e+00 
  6.525641679763789782e-02   0.000000000000000000e+00 
  1.810649782419203602e-01   0.000000000000000000e+00 
 -8.162081241607608770e-03   0.000000000000000000e+00 
 -1.029600296169508843e-02   0.000000000000000000e+00 
  5.008405540138483047e-03   0.000000000000000000e+00 
 -7.356231566518543416e-03   0.000000000000000000e+00 
  7.342387922108171636e-03   0.000000000000000000e+00 
 -1.292509678751230240e-02   0.000000000000000000e+00 
 -4.087226465344429016e-03   0.000000000000000000e+00 
 -4.332342068664727969e-04   0.000000000000000000e+00 
  7.025135681033134460e-03   0.000000000000000000e+00 
  1.557085067033767978e-01   0.000000000000000000e+00 
 -5.980350449681286901e-02   0.000000000000000000e+00 
  1.485520479036514334e-04   0.000000000000000000e+00 
 -3.067940101027495300e-02   0.000000000000000000e+00 
  2.664754912257199376e-02   0.000000000000000000e+00 
  2.483849879354238944e-03   0.000000000000000000e+00 
  4.685387946665285283e-03   0.000000000000000000e+00 
 -4.428948163986206610e-01   0.000000000000000000e+00 
 -8.360399603843688965e-01   0.000000000000000000e+00 
  2.071462804451585683e-03   0.000000000000000000e+00 
  0.000000000000000000e+00   0.000000000000000000e+00 
  0.000000000000000000e+00   0.000000000000000000e+00 
  0.000000000000000000e+00   0.000000000000000000e+00 
  0.000000000000000000e+00   0.000000000000000000e+00 
  0.000000000000000000e+00   0.000000000000000000e+00 
  0.000000000000000000e+00   0.000000000000000000e+00 
  0.000000000000000000e+00   0.000000000000000000e+00 
  0.000000000000000000e+00   0.000000000000000000e+00 
  0.000000000000000000e+00   0.000000000000000000e+00 
  0.000000000000000000e+00   0.000000000000000000e+00 
  0.000000000000000000e+00   0.000000000000000000e+00 
  0.000000000000000000e+00   0.000000000000000000e+00 
  0.000000000000000000e+00   0.000000000000000000e+00 
  0.000000000000000000e+00   0.000000000000000000e+00 
  0.000000000000000000e+00   0.000000000000000000e+00 
  0.000000000000000000e+00   0.000000000000000000e+00 
  0.000000000000000000e+00   0.000000000000000000e+00 
  0.000000000000000000e+00   0.000000000000000000e+00 
  0.000000000000000000e+00   0.000000000000000000e+00 
  0.000000000000000000e+00   0.000000000000000000e+00 
  0.000000000000000000e+00   0.000000000000000000e+00 
  0.000000000000000000e+00   0.000000000000000000e+00 
  0.000000000000000000e+00   0.000000000000000000e+00 
  0.000000000000000000e+00   0.000000000000000000e+00 
  0.000000000000000000e+00   0.000000000000000000e+00 
  0.000000000000000000e+00   0.000000000000000000e+00 
  0.000000000000000000e+00   0.000000000000000000e+00 
  0.000000000000000000e+00   0.000000000000000000e+00 
  0.000000000000000000e+00   0.000000000000000000e+00 
  0.000000000000000000e+00   0.000000000000000000e+00 
  0.000000000000000000e+00   0.000000000000000000e+00 
  0.000000000000000000e+00   0.000000000000000000e+00 
  0.000000000000000000e+00   0.000000000000000000e+00 
  0.000000000000000000e+00   0.000000000000000000e+00 
  0.000000000000000000e+00   0.000000000000000000e+00 
  0.000000000000000000e+00   0.000000000000000000e+00 
  0.000000000000000000e+00   0.000000000000000000e+00 
  0.000000000000000000e+00   0.000000000000000000e+00 
  0.000000000000000000e+00   0.000000000000000000e+00 
  0.000000000000000000e+00   0.000000000000000000e+00 
  0.000000000000000000e+00   0.000000000000000000e+00 
  0.000000000000000000e+00   0.000000000000000000e+00 
  0.000000000000000000e+00   0.000000000000000000e+00 
  0.000000000000000000e+00   0.000000000000000000e+00 
  0.000000000000000000e+00   0.000000000000000000e+00 
  0.000000000000000000e+00   0.000000000000000000e+00 
  0.000000000000000000e+00   0.000000000000000000e+00 
  0.000000000000000000e+00   0.000000000000000000e+00 
  0.000000000000000000e+00   0.000000000000000000e+00 
  0.000000000000000000e+00   0.000000000000000000e+00 
  0.000000000000000000e+00   0.000000000000000000e+00 
  0.000000000000000000e+00   0.000000000000000000e+00 
  0.000000000000000000e+00   0.000000000000000000e+00 
  0.000000000000000000e+00   0.000000000000000000e+00 
  0.000000000000000000e+00   0.000000000000000000e+00 
  0.000000000000000000e+00   0.000000000000000000e+00 
  6.474884576162173722e-04   0.000000000000000000e+00 
  1.116988435387610834e-01   0.000000000000000000e+00 
 -5.638079528566974935e-05   0.000000000000000000e+00 
  3.478363505564611058e-04   0.000000000000000000e+00 
  6.718510296195741999e-03   0.000000000000000000e+00 
 -3.096235916018500942e-02   0.000000000000000000e+00 
  1.503648469224591047e-03   0.000000000000000000e+00 
 -4.485660232603551692e-03   0.000000000000000000e+00 
  8.828247897326946259e-03   0.000000000000000000e+00 
 -3.955145832151175413e-03   0.000000000000000000e+00 
 -1.806910382583737590e-03   0.000000000000000000e+00 
 -8.282155613414943218e-04   0.000000000000000000e+00 
 -3.516100347042083307e-03   0.000000000000000000e+00 
  4.478021292016299377e-04   0.000000000000000000e+00 
  2.068550093099474907e-03   0.000000000000000000e+00 
 -2.845302806235849315e-04   0.000000000000000000e+00 
 -9.576363563537599877e-01   0.000000000000000000e+00 
  4.157903895249434709e-04   0.000000000000000000e+00 
 -2.882699714973569350e-03   0.000000000000000000e+00 
  3.278200747445216500e-04   0.000000000000000000e+00 
  2.973267138004301313e-01   0.000000000000000000e+00 
 -4.707064013928174973e-03   0.000000000000000000e+00 
 -2.861256944015622139e-03   0.000000000000000000e+00 
  9.157900512218469791e-02   0.000000000000000000e+00 
  4.764646000694568628e-04   0.000000000000000000e+00 
  6.393011659383774671e-03   0.000000000000000000e+00 
  5.971152568235984712e-04   0.000000000000000000e+00 
  1.180240809917450090e-01   0.000000000000000000e+00 
  0.000000000000000000e+00   0.000000000000000000e+00 
  0.000000000000000000e+00   0.000000000000000000e+00 
  0.000000000000000000e+00   0.000000000000000000e+00 
  0.000000000000000000e+00   0.000000000000000000e+00 
  0.000000000000000000e+00   0.000000000000000000e+00 
  0.000000000000000000e+00   0.000000000000000000e+00 
  0.000000000000000000e+00   0.000000000000000000e+00 
  0.000000000000000000e+00   0.000000000000000000e+00 
  0.000000000000000000e+00   0.000000000000000000e+00 
  0.000000000000000000e+00   0.000000000000000000e+00 
  0.000000000000000000e+00   0.000000000000000000e+00 
  0.000000000000000000e+00   0.000000000000000000e+00 
  0.000000000000000000e+00   0.000000000000000000e+00 
  0.000000000000000000e+00   0.000000000000000000e+00 
  0.000000000000000000e+00   0.000000000000000000e+00 
  0.000000000000000000e+00   0.000000000000000000e+00 
  0.000000000000000000e+00   0.000000000000000000e+00 
  0.000000000000000000e+00   0.000000000000000000e+00 
  0.000000000000000000e+00   0.000000000000000000e+00 
  0.000000000000000000e+00   0.000000000000000000e+00 
  0.000000000000000000e+00   0.000000000000000000e+00 
  0.000000000000000000e+00   0.000000000000000000e+00 
  0.000000000000000000e+00   0.000000000000000000e+00 
  0.000000000000000000e+00   0.000000000000000000e+00 
  0.000000000000000000e+00   0.000000000000000000e+00 
  0.000000000000000000e+00   0.000000000000000000e+00 
  0.000000000000000000e+00   0.000000000000000000e+00 
  0.000000000000000000e+00   0.000000000000000000e+00 
  7.375965360550801840e-03   0.000000000000000000e+00 
  2.544885734096291770e-03   0.000000000000000000e+00 
  1.441470682621003585e-01   0.000000000000000000e+00 
 -7.880989462137222290e-03   0.000000000000000000e+00 
  7.821683771908281499e-03   0.000000000000000000e+00 
  1.086219679564040270e-03   0.000000000000000000e+00 
  2.028008922934524533e-02   0.000000000000000000e+00 
 -5.327716004103423900e-03   0.000000000000000000e+00 
 -5.206826699576119870e-06   0.000000000000000000e+00 
 -3.952512983232737455e-03   0.000000000000000000e+00 
  6.888436619192363566e-03   0.000000000000000000e+00 
 -1.188191072287746625e-05   0.000000000000000000e+00 
  1.376486383378505490e-03   0.000000000000000000e+00 
 -5.624693036079405628e-01   0.000000000000000000e+00 
  8.086730376817286015e-04   0.000000000000000000e+00 
  3.143850481137633324e-03   0.000000000000000000e+00 
  3.329183440655427394e-03   0.000000000000000000e+00 
  8.252661228179931641e-01   0.000000000000000000e+00 
  2.290733624249696298e-03   0.000000000000000000e+00 
 -9.570526890456691662e-04   0.000000000000000000e+00 
  5.772343138231626975e-04   0.000000000000000000e+00 
 -1.902058604173362689e-03   0.000000000000000000e+00 
 -8.537100628018379211e-03   0.000000000000000000e+00 
  1.448478433303535852e-03   0.000000000000000000e+00 
  5.584163218736641621e-02   0.000000000000000000e+00 
  4.637707956135274714e-03   0.000000000000000000e+00 
 -1.384073402732611570e-03   0.000000000000000000e+00 
  2.123208716511700359e-03   0.000000000000000000e+00 
  0.000000000000000000e+00   0.000000000000000000e+00 
  0.000000000000000000e+00   0.000000000000000000e+00 
  0.000000000000000000e+00   0.000000000000000000e+00 
  0.000000000000000000e+00   0.000000000000000000e+00 
  0.000000000000000000e+00   0.000000000000000000e+00 
  0.000000000000000000e+00   0.000000000000000000e+00 
  0.000000000000000000e+00   0.000000000000000000e+00 
  0.000000000000000000e+00   0.000000000000000000e+00 
  0.000000000000000000e+00   0.000000000000000000e+00 
  0.000000000000000000e+00   0.000000000000000000e+00 
  0.000000000000000000e+00   0.000000000000000000e+00 
  0.000000000000000000e+00   0.000000000000000000e+00 
  0.000000000000000000e+00   0.000000000000000000e+00 
  0.000000000000000000e+00   0.000000000000000000e+00 
  0.000000000000000000e+00   0.000000000000000000e+00 
  0.000000000000000000e+00   0.000000000000000000e+00 
  0.000000000000000000e+00   0.000000000000000000e+00 
  0.000000000000000000e+00   0.000000000000000000e+00 
  0.000000000000000000e+00   0.000000000000000000e+00 
  0.000000000000000000e+00   0.000000000000000000e+00 
  0.000000000000000000e+00   0.000000000000000000e+00 
  0.000000000000000000e+00   0.000000000000000000e+00 
  0.000000000000000000e+00   0.000000000000000000e+00 
  0.000000000000000000e+00   0.000000000000000000e+00 
  0.000000000000000000e+00   0.000000000000000000e+00 
  0.000000000000000000e+00   0.000000000000000000e+00 
  0.000000000000000000e+00   0.000000000000000000e+00 
  0.000000000000000000e+00   0.000000000000000000e+00 
  5.928549799116631779e-04   0.000000000000000000e+00 
  5.821549519896562774e-02   0.000000000000000000e+00 
  9.500921703874972910e-03   0.000000000000000000e+00 
 -2.988485794048749314e-04   0.000000000000000000e+00 
  3.993529826402661582e-03   0.000000000000000000e+00 
 -1.143804714083670182e-01   0.000000000000000000e+00 
  5.216511432081471361e-03   0.000000000000000000e+00 
 -6.604995112866163254e-03   0.000000000000000000e+00 
  5.712278652936213664e-04   0.000000000000000000e+00 
 -8.270430378615857905e-03   0.000000000000000000e+00 
 -8.702397346496583766e-03   0.000000000000000000e+00 
 -2.741512435022741556e-04   0.000000000000000000e+00 
 -2.188226673752069040e-03   0.000000000000000000e+00 
 -8.467831648886238460e-03   0.000000000000000000e+00 
  5.270960973575711250e-04   0.000000000000000000e+00 
 -5.972106919216438273e-06   0.000000000000000000e+00 
  6.621226668357857448e-02   0.000000000000000000e+00 
 -9.029672481119556393e-03   0.000000000000000000e+00 
  4.152511246502398577e-03   0.000000000000000000e+00 
 -3.945097327232360840e-03   0.000000000000000000e+00 
 -4.608727619051932595e-02   0.000000000000000000e+00 
 -8.408294990658758336e-03   0.000000000000000000e+00 
  4.522928036749362946e-03   0.000000000000000000e+00 
 -2.861084342002867542e-01   0.000000000000000000e+00 
 -1.076192501932377033e-02   0.000000000000000000e+00 
  1.026124693453309969e-03   0.000000000000000000e+00 
 -3.001675475388765335e-03   0.000000000000000000e+00 
  9.694933295249938965e-01   0.000000000000000000e+00 
  0.000000000000000000e+00   0.000000000000000000e+00 
  0.000000000000000000e+00   0.000000000000000000e+00 
  0.000000000000000000e+00   0.000000000000000000e+00 
  0.000000000000000000e+00   0.000000000000000000e+00 
  0.000000000000000000e+00   0.000000000000000000e+00 
  0.000000000000000000e+00   0.000000000000000000e+00 
  0.000000000000000000e+00   0.000000000000000000e+00 
  0.000000000000000000e+00   0.000000000000000000e+00 
  0.000000000000000000e+00   0.000000000000000000e+00 
  0.000000000000000000e+00   0.000000000000000000e+00 
  0.000000000000000000e+00   0.000000000000000000e+00 
  0.000000000000000000e+00   0.000000000000000000e+00 
  0.000000000000000000e+00   0.000000000000000000e+00 
  0.000000000000000000e+00   0.000000000000000000e+00 
  0.000000000000000000e+00   0.000000000000000000e+00 
  0.000000000000000000e+00   0.000000000000000000e+00 
  0.000000000000000000e+00   0.000000000000000000e+00 
  0.000000000000000000e+00   0.000000000000000000e+00 
  0.000000000000000000e+00   0.000000000000000000e+00 
  0.000000000000000000e+00   0.000000000000000000e+00 
  0.000000000000000000e+00   0.000000000000000000e+00 
  0.000000000000000000e+00   0.000000000000000000e+00 
  0.000000000000000000e+00   0.000000000000000000e+00 
  0.000000000000000000e+00   0.000000000000000000e+00 
  0.000000000000000000e+00   0.000000000000000000e+00 
  0.000000000000000000e+00   0.000000000000000000e+00 
  0.000000000000000000e+00   0.000000000000000000e+00 
  0.000000000000000000e+00   0.000000000000000000e+00 
 -5.358834192156628623e-02   0.000000000000000000e+00 
  8.086079731583309047e-03   0.000000000000000000e+00 
  1.063420623540878435e-01   0.000000000000000000e+00 
  1.565858023241164035e-03   0.000000000000000000e+00 
  4.600246436893936502e-03   0.000000000000000000e+00 
  6.079574115574325199e-03   0.000000000000000000e+00 
  2.289353171363487250e-03   0.000000000000000000e+00 
 -5.106442607939245919e-03   0.000000000000000000e+00 
 -3.062912495806813674e-03   0.000000000000000000e+00 
 -6.187784019857645902e-03   0.000000000000000000e+00 
 -2.962282858788968867e-03   0.000000000000000000e+00 
  1.059197587892413356e-03   0.000000000000000000e+00 
 -2.472083317115902467e-03   0.000000000000000000e+00 
 -7.042267173528664326e-02   0.000000000000000000e+00 
  2.138167154043912888e-03   0.000000000000000000e+00 
 -3.459169995039701462e-03   0.000000000000000000e+00 
  3.458936000242764271e-03   0.000000000000000000e+00 
 -1.008458510041236877e-01   0.000000000000000000e+00 
  2.399308141320943399e-03   0.000000000000000000e+00 
 -6.974412244744611876e-04   0.000000000000000000e+00 
  1.243824139237410809e-03   0.000000000000000000e+00 
 -7.971091195940969640e-03   0.000000000000000000e+00 
 -1.697714673355222182e-03   0.000000000000000000e+00 
 -3.393457736820125643e-03   0.000000000000000000e+00 
  9.949022531509397194e-01   0.000000000000000000e+00 
  3.961596172302960482e-03   0.000000000000000000e+00 
 -4.957266151905059814e-03   0.000000000000000000e+00 
 -2.829120727255887528e-03   0.000000000000000000e+00 
  0.000000000000000000e+00   0.000000000000000000e+00 
  0.000000000000000000e+00   0.000000000000000000e+00 
  0.000000000000000000e+00   0.000000000000000000e+00 
  0.000000000000000000e+00   0.000000000000000000e+00 
  0.000000000000000000e+00   0.000000000000000000e+00 
  0.000000000000000000e+00   0.000000000000000000e+00 
  0.000000000000000000e+00   0.000000000000000000e+00 
  0.000000000000000000e+00   0.000000000000000000e+00 
  0.000000000000000000e+00   0.000000000000000000e+00 
  0.000000000000000000e+00   0.000000000000000000e+00 
  0.000000000000000000e+00   0.000000000000000000e+00 
  0.000000000000000000e+00   0.000000000000000000e+00 
  0.000000000000000000e+00   0.000000000000000000e+00 
  0.000000000000000000e+00   0.000000000000000000e+00 
  0.000000000000000000e+00   0.000000000000000000e+00 
  0.000000000000000000e+00   0.000000000000000000e+00 
  0.000000000000000000e+00   0.000000000000000000e+00 
  0.000000000000000000e+00   0.000000000000000000e+00 
  0.000000000000000000e+00   0.000000000000000000e+00 
  0.000000000000000000e+00   0.000000000000000000e+00 
  0.000000000000000000e+00   0.000000000000000000e+00 
  0.000000000000000000e+00   0.000000000000000000e+00 
  0.000000000000000000e+00   0.000000000000000000e+00 
  0.000000000000000000e+00   0.000000000000000000e+00 
  0.000000000000000000e+00   0.000000000000000000e+00 
  0.000000000000000000e+00   0.000000000000000000e+00 
  0.000000000000000000e+00   0.000000000000000000e+00 
  0.000000000000000000e+00   0.000000000000000000e+00 
  2.799549372865646913e-03   0.000000000000000000e+00 
 -7.467184960842117303e-02   0.000000000000000000e+00 
  5.601033568382412370e-03   0.000000000000000000e+00 
 -2.364921616390345746e-03   0.000000000000000000e+00 
  4.307189490646120417e-03   0.000000000000000000e+00 
  3.922555223107338646e-02   0.000000000000000000e+00 
 -1.527650095522397125e-02   0.000000000000000000e+00 
 -4.981439560651781777e-03   0.000000000000000000e+00 
  6.844745948910721869e-04   0.000000000000000000e+00 
  2.476405585184695071e-03   0.000000000000000000e+00 
  8.969706483185293025e-03   0.000000000000000000e+00 
 -3.452126635238528252e-03   0.000000000000000000e+00 
 -1.041523064486680518e-04   0.000000000000000000e+00 
  1.353081408888102098e-02   0.000000000000000000e+00 
 -3.703108290210366249e-03   0.000000000000000000e+00 
 -4.461932403501120479e-04   0.000000000000000000e+00 
 -1.505049169063568670e-01   0.000000000000000000e+00 
  1.355684641748666590e-02   0.000000000000000000e+00 
  7.564542465843266793e-04   0.000000000000000000e+00 
  2.884817775338885566e-03   0.000000000000000000e+00 
 -1.013503149151803034e-01   0.000000000000000000e+00 
 -7.947081699967382604e-03   0.000000000000000000e+00 
 -1.941594295203685760e-03   0.000000000000000000e+00 
 -9.628160595893858753e-01   0.000000000000000000e+00 
  1.077792327851055838e-02   0.000000000000000000e+00 
  4.742857068777085218e-03   0.000000000000000000e+00 
 -4.908960312604904175e-03   0.000000000000000000e+00 
 -2.632496953010559082e-01   0.000000000000000000e+00 
  0.000000000000000000e+00   0.000000000000000000e+00 
  0.000000000000000000e+00   0.000000000000000000e+00 
  0.000000000000000000e+00   0.000000000000000000e+00 
  0.000000000000000000e+00   0.000000000000000000e+00 
  0.000000000000000000e+00   0.000000000000000000e+00 
  0.000000000000000000e+00   0.000000000000000000e+00 
  0.000000000000000000e+00   0.000000000000000000e+00 
  0.000000000000000000e+00   0.000000000000000000e+00 
  0.000000000000000000e+00   0.000000000000000000e+00 
  0.000000000000000000e+00   0.000000000000000000e+00 
  0.000000000000000000e+00   0.000000000000000000e+00 
  0.000000000000000000e+00   0.000000000000000000e+00 
  0.000000000000000000e+00   0.000000000000000000e+00 
  0.000000000000000000e+00   0.000000000000000000e+00 
  0.000000000000000000e+00   0.000000000000000000e+00 
  0.000000000000000000e+00   0.000000000000000000e+00 
  0.000000000000000000e+00   0.000000000000000000e+00 
  0.000000000000000000e+00   0.000000000000000000e+00 
  0.000000000000000000e+00   0.000000000000000000e+00 
  0.000000000000000000e+00   0.000000000000000000e+00 
  0.000000000000000000e+00   0.000000000000000000e+00 
  0.000000000000000000e+00   0.000000000000000000e+00 
  0.000000000000000000e+00   0.000000000000000000e+00 
  0.000000000000000000e+00   0.000000000000000000e+00 
  0.000000000000000000e+00   0.000000000000000000e+00 
  0.000000000000000000e+00   0.000000000000000000e+00 
  0.000000000000000000e+00   0.000000000000000000e+00 
  0.000000000000000000e+00   0.000000000000000000e+00 
  7.986668497324054920e-04   0.000000000000000000e+00 
  5.778826307505368319e-03   0.000000000000000000e+00 
  1.759540871717035120e-03   0.000000000000000000e+00 
 -4.540590569376994935e-03   0.000000000000000000e+00 
 -4.473790060728524698e-03   0.000000000000000000e+00 
  2.460390562191604701e-03   0.000000000000000000e+00 
 -1.544539467431604212e-03   0.000000000000000000e+00 
 -1.800907701253886550e-01   0.000000000000000000e+00 
  6.425732374191274465e-02   0.000000000000000000e+00 
 -1.982759311795231905e-02   0.000000000000000000e+00 
  4.691992886364525044e-03   0.000000000000000000e+00 
  1.005848031491041183e-02   0.000000000000000000e+00 
  1.071358192712068384e-02   0.000000000000000000e+00 
 -4.139833152294158936e-03   0.000000000000000000e+00 
 -4.407098051160573959e-03   0.000000000000000000e+00 
  7.666571531444787112e-03   0.000000000000000000e+00 
  6.238618865609169874e-03   0.000000000000000000e+00 
 -6.242805160582066450e-03   0.000000000000000000e+00 
  6.722281873226165771e-02   0.000000000000000000e+00 
  1.571536362171173651e-01   0.000000000000000000e+00 
  3.395245643332600160e-03   0.000000000000000000e+00 
 -5.724755674600583155e-02   0.000000000000000000e+00 
 -2.719596959650512694e-02   0.000000000000000000e+00 
 -2.694058464840054946e-03   0.000000000000000000e+00 
 -1.316870213486253782e-03   0.000000000000000000e+00 
 -8.236700296401979760e-01   0.000000000000000000e+00 
  4.370207488536835827e-01   0.000000000000000000e+00 
 -4.690938629209996137e-03   0.000000000000000000e+00 
  0.000000000000000000e+00   0.000000000000000000e+00 
  0.000000000000000000e+00   0.000000000000000000e+00 
  0.000000000000000000e+00   0.000000000000000000e+00 
  0.000000000000000000e+00   0.000000000000000000e+00 
  0.000000000000000000e+00   0.000000000000000000e+00 
  0.000000000000000000e+00   0.000000000000000000e+00 
  0.000000000000000000e+00   0.000000000000000000e+00 
  0.000000000000000000e+00   0.000000000000000000e+00 
  0.000000000000000000e+00   0.000000000000000000e+00 
  0.000000000000000000e+00   0.000000000000000000e+00 
  0.000000000000000000e+00   0.000000000000000000e+00 
  0.000000000000000000e+00   0.000000000000000000e+00 
  0.000000000000000000e+00   0.000000000000000000e+00 
  0.000000000000000000e+00   0.000000000000000000e+00 
  0.000000000000000000e+00   0.000000000000000000e+00 
  0.000000000000000000e+00   0.000000000000000000e+00 
  0.000000000000000000e+00   0.000000000000000000e+00 
  0.000000000000000000e+00   0.000000000000000000e+00 
  0.000000000000000000e+00   0.000000000000000000e+00 
  0.000000000000000000e+00   0.000000000000000000e+00 
  0.000000000000000000e+00   0.000000000000000000e+00 
  0.000000000000000000e+00   0.000000000000000000e+00 
  0.000000000000000000e+00   0.000000000000000000e+00 
  0.000000000000000000e+00   0.000000000000000000e+00 
  0.000000000000000000e+00   0.000000000000000000e+00 
  0.000000000000000000e+00   0.000000000000000000e+00 
  0.000000000000000000e+00   0.000000000000000000e+00 
  0.000000000000000000e+00   0.000000000000000000e+00 
  2.811235142871744419e-03   0.000000000000000000e+00 
  1.125761191360654615e-03   0.000000000000000000e+00 
 -1.618993817828596939e-03   0.000000000000000000e+00 
  2.170374803245058229e-02   0.000000000000000000e+00 
  4.449487198144292874e-03   0.000000000000000000e+00 
  2.022858243435646469e-04   0.000000000000000000e+00 
 -5.569740664213896665e-03   0.000000000000000000e+00 
  5.980581417679782519e-02   0.000000000000000000e+00 
  1.782601773738859974e-01   0.000000000000000000e+00 
  1.416013110429054783e-02   0.000000000000000000e+00 
  2.363290823996079537e-02   0.000000000000000000e+00 
  5.917661823332309723e-03   0.000000000000000000e+00 
 -8.633018471300600225e-03   0.000000000000000000e+00 
  1.026487536728381937e-02   0.000000000000000000e+00 
 -1.109060551971197128e-02   0.000000000000000000e+00 
 -2.052974188700318770e-03   0.000000000000000000e+00 
  3.682901849970222821e-03   0.000000000000000000e+00 
  9.805478155612947291e-03   0.000000000000000000e+00 
  1.540614366531372348e-01   0.000000000000000000e+00 
 -6.227333098649982801e-02   0.000000000000000000e+00 
  1.570010790601376622e-03   0.000000000000000000e+00 
  3.953831270337097165e-02   0.000000000000000000e+00 
 -7.492847740650172839e-02   0.000000000000000000e+00 
  1.364840939640998840e-02   0.000000000000000000e+00 
  1.295813824981450688e-02   0.000000000000000000e+00 
 -4.367115497589111328e-01   0.000000000000000000e+00 
 -8.265628814697265625e-01   0.000000000000000000e+00 
  1.130257546901703054e-02   0.000000000000000000e+00 
