    8.0995000000000005e+01
    8.2995000000000005e+01
    8.4995000000000005e+01
    8.6995000000000005e+01
    8.8995000000000005e+01
    9.0995000000000005e+01
    9.2995000000000005e+01
    9.4995000000000005e+01
    9.6995000000000005e+01
    9.8995000000000005e+01
    1.0099500000000000e+02
    1.0299500000000000e+02
    1.0499500000000000e+02
    1.0699500000000000e+02
    1.0899500000000000e+02
    1.1099500000000000e+02
    1.1299500000000000e+02
    1.1499500000000000e+02
    1.1699500000000000e+02
    1.1899500000000000e+02
    1.2099500000000000e+02
    1.2299500000000000e+02
    1.2499500000000000e+02
    1.2699500000000000e+02
    1.2899500000000000e+02
    1.3099500000000000e+02
    1.3299500000000000e+02
    1.3499500000000000e+02
    1.3699500000000000e+02
    1.3899500000000000e+02
    1.4099500000000000e+02
    1.4299500000000000e+02
    1.4499500000000000e+02
    1.4699500000000000e+02
    1.4899500000000000e+02
    1.5099500000000000e+02
    1.5299500000000000e+02
    1.5499500000000000e+02
    1.5699500000000000e+02
    1.5899500000000000e+02
    1.6099500000000000e+02
    1.6299500000000000e+02
    1.6499500000000000e+02
    1.6699500000000000e+02
    1.6899500000000000e+02
    1.7099500000000000e+02
    1.7299500000000000e+02
    1.7499500000000000e+02
    1.7699500000000000e+02
    1.7899500000000000e+02
    1.8099500000000000e+02
    1.8299500000000000e+02
    1.8499500000000000e+02
    1.8699500000000000e+02
    1.8899500000000000e+02
    1.9099500000000000e+02
    1.9299500000000000e+02
    1.9499500000000000e+02
    1.9699500000000000e+02
    1.9899500000000000e+02
    2.0099500000000000e+02
    2.0299500000000000e+02
    2.0499500000000000e+02
    2.0699500000000000e+02
    2.0899500000000000e+02
    2.1099500000000000e+02
    2.1299500000000000e+02
    2.1499500000000000e+02
    2.1699500000000000e+02
    2.1899500000000000e+02
    2.2099500000000000e+02
    2.2299500000000000e+02
    2.2499500000000000e+02
    2.2699500000000000e+02
    2.2899500000000000e+02
    2.3099500000000000e+02
    2.3299500000000000e+02
    2.3499500000000000e+02
    2.3699500000000000e+02
    2.3899500000000000e+02
    2.4099500000000000e+02
    2.4299500000000000e+02
    2.4499500000000000e+02
    2.4699500000000000e+02
    2.4899500000000000e+02
    2.5099500000000000e+02
    2.5299500000000000e+02
    2.5499500000000000e+02
    2.5699500000000000e+02
    2.5899500000000000e+02
    2.6099500000000000e+02
    2.6299500000000000e+02
    2.6499500000000000e+02
    2.6699500000000000e+02
    2.6899500000000000e+02
    2.7099500000000000e+02
    2.7299500000000000e+02
    2.7499500000000000e+02
    2.7699500000000000e+02
    2.7899500000000000e+02
