  0.000000000000000000e+00   0.000000000000000000e+00 
                         2 
                        56                         14 
  1.640741014853390250e-03   0.000000000000000000e+00 
  1.523470878601075329e-01   0.000000000000000000e+00 
 -1.938858185894758905e-03   0.000000000000000000e+00 
  9.402703290106749002e-05   0.000000000000000000e+00 
 -3.844413673505187468e-03   0.000000000000000000e+00 
 -3.330272436141968467e-02   0.000000000000000000e+00 
  1.588976359926164150e-03   0.000000000000000000e+00 
 -4.953518509864808864e-03   0.000000000000000000e+00 
  1.334585016593373055e-03   0.000000000000000000e+00 
  1.465804176405072429e-03   0.000000000000000000e+00 
  2.388625405728816986e-03   0.000000000000000000e+00 
 -3.470212395768611539e-04   0.000000000000000000e+00 
 -1.639185124076902650e-03   0.000000000000000000e+00 
  4.624721128493547440e-03   0.000000000000000000e+00 
 -7.109596859663724899e-03   0.000000000000000000e+00 
 -4.208311438560486707e-03   0.000000000000000000e+00 
 -6.459178403019914848e-04   0.000000000000000000e+00 
 -1.555208698846473944e-03   0.000000000000000000e+00 
  1.255418360233307162e-01   0.000000000000000000e+00 
 -9.868519306182863549e-01   0.000000000000000000e+00 
 -8.604284957981931867e-04   0.000000000000000000e+00 
  2.412294037640095191e-03   0.000000000000000000e+00 
  2.466842066496611075e-03   0.000000000000000000e+00 
 -8.517347276210783524e-02   0.000000000000000000e+00 
  5.291822366416456050e-03   0.000000000000000000e+00 
  4.331015516072510806e-03   0.000000000000000000e+00 
  8.887155563570343269e-04   0.000000000000000000e+00 
  7.093833386898040771e-02   0.000000000000000000e+00 
  0.000000000000000000e+00   0.000000000000000000e+00 
  0.000000000000000000e+00   0.000000000000000000e+00 
  0.000000000000000000e+00   0.000000000000000000e+00 
  0.000000000000000000e+00   0.000000000000000000e+00 
  0.000000000000000000e+00   0.000000000000000000e+00 
  0.000000000000000000e+00   0.000000000000000000e+00 
  0.000000000000000000e+00   0.000000000000000000e+00 
  0.000000000000000000e+00   0.000000000000000000e+00 
  0.000000000000000000e+00   0.000000000000000000e+00 
  0.000000000000000000e+00   0.000000000000000000e+00 
  0.000000000000000000e+00   0.000000000000000000e+00 
  0.000000000000000000e+00   0.000000000000000000e+00 
  0.000000000000000000e+00   0.000000000000000000e+00 
  0.000000000000000000e+00   0.000000000000000000e+00 
  0.000000000000000000e+00   0.000000000000000000e+00 
  0.000000000000000000e+00   0.000000000000000000e+00 
  0.000000000000000000e+00   0.000000000000000000e+00 
  0.000000000000000000e+00   0.000000000000000000e+00 
  0.000000000000000000e+00   0.000000000000000000e+00 
  0.000000000000000000e+00   0.000000000000000000e+00 
  0.000000000000000000e+00   0.000000000000000000e+00 
  0.000000000000000000e+00   0.000000000000000000e+00 
  0.000000000000000000e+00   0.000000000000000000e+00 
  0.000000000000000000e+00   0.000000000000000000e+00 
  0.000000000000000000e+00   0.000000000000000000e+00 
  0.000000000000000000e+00   0.000000000000000000e+00 
  0.000000000000000000e+00   0.000000000000000000e+00 
  0.000000000000000000e+00   0.000000000000000000e+00 
  5.463488772511487790e-02   0.000000000000000000e+00 
  1.923313015140548600e-03   0.000000000000000000e+00 
 -1.353973448276519498e-01   0.000000000000000000e+00 
 -3.008789150044322881e-03   0.000000000000000000e+00 
 -1.151624950580299117e-03   0.000000000000000000e+00 
  7.291488000190820065e-04   0.000000000000000000e+00 
  3.447691677138208909e-03   0.000000000000000000e+00 
 -3.108532167971138956e-03   0.000000000000000000e+00 
 -1.207233518362045288e-01   0.000000000000000000e+00 
  4.259475506842136383e-03   0.000000000000000000e+00 
  3.100819652900099754e-03   0.000000000000000000e+00 
  1.417469000443816185e-03   0.000000000000000000e+00 
  6.214980036020278931e-03   0.000000000000000000e+00 
 -2.861760731320828741e-04   0.000000000000000000e+00 
  3.356117522343992753e-03   0.000000000000000000e+00 
 -3.338626120239497532e-03   0.000000000000000000e+00 
  2.962442580610511952e-03   0.000000000000000000e+00 
  7.198860645294188343e-01   0.000000000000000000e+00 
 -1.345125929220159172e-04   0.000000000000000000e+00 
  4.088234272784845112e-04   0.000000000000000000e+00 
 -6.686930060386657715e-01   0.000000000000000000e+00 
  3.954916261136532697e-03   0.000000000000000000e+00 
  5.674878135323525342e-03   0.000000000000000000e+00 
  5.912094842642628099e-03   0.000000000000000000e+00 
  4.875474609434605512e-03   0.000000000000000000e+00 
  1.454851124435663223e-03   0.000000000000000000e+00 
 -9.612391702830831372e-03   0.000000000000000000e+00 
 -3.879037918522938808e-03   0.000000000000000000e+00 
  0.000000000000000000e+00   0.000000000000000000e+00 
  0.000000000000000000e+00   0.000000000000000000e+00 
  0.000000000000000000e+00   0.000000000000000000e+00 
  0.000000000000000000e+00   0.000000000000000000e+00 
  0.000000000000000000e+00   0.000000000000000000e+00 
  0.000000000000000000e+00   0.000000000000000000e+00 
  0.000000000000000000e+00   0.000000000000000000e+00 
  0.000000000000000000e+00   0.000000000000000000e+00 
  0.000000000000000000e+00   0.000000000000000000e+00 
  0.000000000000000000e+00   0.000000000000000000e+00 
  0.000000000000000000e+00   0.000000000000000000e+00 
  0.000000000000000000e+00   0.000000000000000000e+00 
  0.000000000000000000e+00   0.000000000000000000e+00 
  0.000000000000000000e+00   0.000000000000000000e+00 
  0.000000000000000000e+00   0.000000000000000000e+00 
  0.000000000000000000e+00   0.000000000000000000e+00 
  0.000000000000000000e+00   0.000000000000000000e+00 
  0.000000000000000000e+00   0.000000000000000000e+00 
  0.000000000000000000e+00   0.000000000000000000e+00 
  0.000000000000000000e+00   0.000000000000000000e+00 
  0.000000000000000000e+00   0.000000000000000000e+00 
  0.000000000000000000e+00   0.000000000000000000e+00 
  0.000000000000000000e+00   0.000000000000000000e+00 
  0.000000000000000000e+00   0.000000000000000000e+00 
  0.000000000000000000e+00   0.000000000000000000e+00 
  0.000000000000000000e+00   0.000000000000000000e+00 
  0.000000000000000000e+00   0.000000000000000000e+00 
  0.000000000000000000e+00   0.000000000000000000e+00 
  4.113188944756374088e-03   0.000000000000000000e+00 
  5.550910253077687324e-03   0.000000000000000000e+00 
 -1.855790033003372778e-04   0.000000000000000000e+00 
 -1.235613366588952542e-03   0.000000000000000000e+00 
  9.146561496891071575e-04   0.000000000000000000e+00 
 -8.972602337598797884e-02   0.000000000000000000e+00 
 -2.686664462089543345e-03   0.000000000000000000e+00 
 -4.614174365997320525e-03   0.000000000000000000e+00 
  8.669152855873099237e-03   0.000000000000000000e+00 
  9.817513637244701385e-03   0.000000000000000000e+00 
  1.737552462145686583e-03   0.000000000000000000e+00 
  5.121188238263130188e-03   0.000000000000000000e+00 
  7.899429649114608765e-03   0.000000000000000000e+00 
 -2.887702721636743980e-04   0.000000000000000000e+00 
 -1.061500329524278641e-02   0.000000000000000000e+00 
 -1.011743396520614797e-02   0.000000000000000000e+00 
  1.002151612192391829e-02   0.000000000000000000e+00 
 -6.067973561584896584e-03   0.000000000000000000e+00 
  2.674948796629904660e-02   0.000000000000000000e+00 
  4.187868908047635320e-03   0.000000000000000000e+00 
 -7.509430870413832254e-03   0.000000000000000000e+00 
  1.476862095296383251e-02   0.000000000000000000e+00 
  2.385950181633232723e-03   0.000000000000000000e+00 
  5.909465551376343884e-01   0.000000000000000000e+00 
  1.524293096736074795e-03   0.000000000000000000e+00 
  1.856768503785132061e-03   0.000000000000000000e+00 
  1.142931077629340264e-02   0.000000000000000000e+00 
  8.226888179779054955e-01   0.000000000000000000e+00 
  0.000000000000000000e+00   0.000000000000000000e+00 
  0.000000000000000000e+00   0.000000000000000000e+00 
  0.000000000000000000e+00   0.000000000000000000e+00 
  0.000000000000000000e+00   0.000000000000000000e+00 
  0.000000000000000000e+00   0.000000000000000000e+00 
  0.000000000000000000e+00   0.000000000000000000e+00 
  0.000000000000000000e+00   0.000000000000000000e+00 
  0.000000000000000000e+00   0.000000000000000000e+00 
  0.000000000000000000e+00   0.000000000000000000e+00 
  0.000000000000000000e+00   0.000000000000000000e+00 
  0.000000000000000000e+00   0.000000000000000000e+00 
  0.000000000000000000e+00   0.000000000000000000e+00 
  0.000000000000000000e+00   0.000000000000000000e+00 
  0.000000000000000000e+00   0.000000000000000000e+00 
  0.000000000000000000e+00   0.000000000000000000e+00 
  0.000000000000000000e+00   0.000000000000000000e+00 
  0.000000000000000000e+00   0.000000000000000000e+00 
  0.000000000000000000e+00   0.000000000000000000e+00 
  0.000000000000000000e+00   0.000000000000000000e+00 
  0.000000000000000000e+00   0.000000000000000000e+00 
  0.000000000000000000e+00   0.000000000000000000e+00 
  0.000000000000000000e+00   0.000000000000000000e+00 
  0.000000000000000000e+00   0.000000000000000000e+00 
  0.000000000000000000e+00   0.000000000000000000e+00 
  0.000000000000000000e+00   0.000000000000000000e+00 
  0.000000000000000000e+00   0.000000000000000000e+00 
  0.000000000000000000e+00   0.000000000000000000e+00 
  0.000000000000000000e+00   0.000000000000000000e+00 
 -4.666813835501700675e-02   0.000000000000000000e+00 
  7.758196443319287719e-03   0.000000000000000000e+00 
 -8.470452576875689421e-02   0.000000000000000000e+00 
 -5.127928219735623273e-03   0.000000000000000000e+00 
  1.617722446098922816e-03   0.000000000000000000e+00 
 -1.293060602620178757e-03   0.000000000000000000e+00 
 -5.363455507904292020e-03   0.000000000000000000e+00 
 -2.281419001519683926e-03   0.000000000000000000e+00 
 -6.693051010370254517e-02   0.000000000000000000e+00 
  8.928515017032623291e-03   0.000000000000000000e+00 
 -2.344949636608361331e-03   0.000000000000000000e+00 
  1.449799514375627041e-03   0.000000000000000000e+00 
  9.614650160074234009e-03   0.000000000000000000e+00 
 -1.686061732470989227e-03   0.000000000000000000e+00 
 -6.223833188414574537e-03   0.000000000000000000e+00 
 -3.688969649374486317e-03   0.000000000000000000e+00 
  1.809519948437806258e-03   0.000000000000000000e+00 
  1.488445103168486716e-01   0.000000000000000000e+00 
  4.659574478864715770e-03   0.000000000000000000e+00 
  8.274963125586535725e-03   0.000000000000000000e+00 
  1.446611583232879084e-01   0.000000000000000000e+00 
 -3.012052504345774651e-03   0.000000000000000000e+00 
  2.229281235486268130e-03   0.000000000000000000e+00 
  1.564033515751358377e-02   0.000000000000000000e+00 
  5.854949355125427246e-03   0.000000000000000000e+00 
 -7.638672366738320264e-03   0.000000000000000000e+00 
  9.742599129676821068e-01   0.000000000000000000e+00 
 -7.973608560860233341e-03   0.000000000000000000e+00 
  0.000000000000000000e+00   0.000000000000000000e+00 
  0.000000000000000000e+00   0.000000000000000000e+00 
  0.000000000000000000e+00   0.000000000000000000e+00 
  0.000000000000000000e+00   0.000000000000000000e+00 
  0.000000000000000000e+00   0.000000000000000000e+00 
  0.000000000000000000e+00   0.000000000000000000e+00 
  0.000000000000000000e+00   0.000000000000000000e+00 
  0.000000000000000000e+00   0.000000000000000000e+00 
  0.000000000000000000e+00   0.000000000000000000e+00 
  0.000000000000000000e+00   0.000000000000000000e+00 
  0.000000000000000000e+00   0.000000000000000000e+00 
  0.000000000000000000e+00   0.000000000000000000e+00 
  0.000000000000000000e+00   0.000000000000000000e+00 
  0.000000000000000000e+00   0.000000000000000000e+00 
  0.000000000000000000e+00   0.000000000000000000e+00 
  0.000000000000000000e+00   0.000000000000000000e+00 
  0.000000000000000000e+00   0.000000000000000000e+00 
  0.000000000000000000e+00   0.000000000000000000e+00 
  0.000000000000000000e+00   0.000000000000000000e+00 
  0.000000000000000000e+00   0.000000000000000000e+00 
  0.000000000000000000e+00   0.000000000000000000e+00 
  0.000000000000000000e+00   0.000000000000000000e+00 
  0.000000000000000000e+00   0.000000000000000000e+00 
  0.000000000000000000e+00   0.000000000000000000e+00 
  0.000000000000000000e+00   0.000000000000000000e+00 
  0.000000000000000000e+00   0.000000000000000000e+00 
  0.000000000000000000e+00   0.000000000000000000e+00 
  0.000000000000000000e+00   0.000000000000000000e+00 
  4.621656145900552952e-03   0.000000000000000000e+00 
  2.720563299953942388e-02   0.000000000000000000e+00 
  1.296927500516172407e-02   0.000000000000000000e+00 
  4.503708914853603177e-04   0.000000000000000000e+00 
 -3.584165358915925026e-03   0.000000000000000000e+00 
 -1.279602050781249445e-01   0.000000000000000000e+00 
  5.947938654571768152e-03   0.000000000000000000e+00 
  8.611948229372513516e-03   0.000000000000000000e+00 
  3.801000118255618010e-02   0.000000000000000000e+00 
 -2.740113297477363673e-03   0.000000000000000000e+00 
  1.834541559219360568e-03   0.000000000000000000e+00 
 -7.653269451111555099e-03   0.000000000000000000e+00 
  1.199897495098412037e-03   0.000000000000000000e+00 
 -3.276715055108070374e-03   0.000000000000000000e+00 
  4.791741666849701512e-04   0.000000000000000000e+00 
 -8.135678246617318934e-03   0.000000000000000000e+00 
  5.629817955195902911e-03   0.000000000000000000e+00 
 -4.971431940793991089e-02   0.000000000000000000e+00 
  4.845014214515681178e-02   0.000000000000000000e+00 
  1.190851032733917930e-01   0.000000000000000000e+00 
 -6.028699502348891515e-02   0.000000000000000000e+00 
  1.090364647097884741e-03   0.000000000000000000e+00 
 -3.096544742584229210e-02   0.000000000000000000e+00 
 -8.155165910720825195e-01   0.000000000000000000e+00 
 -8.997925557196143759e-03   0.000000000000000000e+00 
 -1.888555288314819336e-02   0.000000000000000000e+00 
  7.601868361234656590e-02   0.000000000000000000e+00 
  5.594405531883239746e-01   0.000000000000000000e+00 
  0.000000000000000000e+00   0.000000000000000000e+00 
  0.000000000000000000e+00   0.000000000000000000e+00 
  0.000000000000000000e+00   0.000000000000000000e+00 
  0.000000000000000000e+00   0.000000000000000000e+00 
  0.000000000000000000e+00   0.000000000000000000e+00 
  0.000000000000000000e+00   0.000000000000000000e+00 
  0.000000000000000000e+00   0.000000000000000000e+00 
  0.000000000000000000e+00   0.000000000000000000e+00 
  0.000000000000000000e+00   0.000000000000000000e+00 
  0.000000000000000000e+00   0.000000000000000000e+00 
  0.000000000000000000e+00   0.000000000000000000e+00 
  0.000000000000000000e+00   0.000000000000000000e+00 
  0.000000000000000000e+00   0.000000000000000000e+00 
  0.000000000000000000e+00   0.000000000000000000e+00 
  0.000000000000000000e+00   0.000000000000000000e+00 
  0.000000000000000000e+00   0.000000000000000000e+00 
  0.000000000000000000e+00   0.000000000000000000e+00 
  0.000000000000000000e+00   0.000000000000000000e+00 
  0.000000000000000000e+00   0.000000000000000000e+00 
  0.000000000000000000e+00   0.000000000000000000e+00 
  0.000000000000000000e+00   0.000000000000000000e+00 
  0.000000000000000000e+00   0.000000000000000000e+00 
  0.000000000000000000e+00   0.000000000000000000e+00 
  0.000000000000000000e+00   0.000000000000000000e+00 
  0.000000000000000000e+00   0.000000000000000000e+00 
  0.000000000000000000e+00   0.000000000000000000e+00 
  0.000000000000000000e+00   0.000000000000000000e+00 
  0.000000000000000000e+00   0.000000000000000000e+00 
  2.360394457355175033e-03   0.000000000000000000e+00 
  4.478355869650847698e-03   0.000000000000000000e+00 
  2.746539423242199632e-03   0.000000000000000000e+00 
  3.462535329163109188e-03   0.000000000000000000e+00 
  1.653899811208269302e-02   0.000000000000000000e+00 
 -1.688930578529834400e-02   0.000000000000000000e+00 
  1.838368549942972704e-02   0.000000000000000000e+00 
  1.377969682216644842e-01   0.000000000000000000e+00 
  5.452449433505538595e-03   0.000000000000000000e+00 
  1.275646965950729544e-02   0.000000000000000000e+00 
  2.154691703617572091e-02   0.000000000000000000e+00 
  1.506460737437009811e-02   0.000000000000000000e+00 
 -3.269494976848363876e-03   0.000000000000000000e+00 
  1.894945744425057931e-03   0.000000000000000000e+00 
  4.088097251951694489e-03   0.000000000000000000e+00 
 -9.546411037445068359e-02   0.000000000000000000e+00 
  9.211514145135872578e-03   0.000000000000000000e+00 
 -1.390320435166359295e-02   0.000000000000000000e+00 
  5.019690375775094464e-03   0.000000000000000000e+00 
  2.962918253615504614e-03   0.000000000000000000e+00 
 -9.017639793455588595e-03   0.000000000000000000e+00 
  9.669803828001022339e-02   0.000000000000000000e+00 
  2.079031914472580511e-01   0.000000000000000000e+00 
 -1.022753939032554626e-01   0.000000000000000000e+00 
 -8.171640038490295410e-01   0.000000000000000000e+00 
  1.276727914810182329e-01   0.000000000000000000e+00 
  2.176735550165160779e-03   0.000000000000000000e+00 
  1.622413657605647347e-02   0.000000000000000000e+00 
  0.000000000000000000e+00   0.000000000000000000e+00 
  0.000000000000000000e+00   0.000000000000000000e+00 
  0.000000000000000000e+00   0.000000000000000000e+00 
  0.000000000000000000e+00   0.000000000000000000e+00 
  0.000000000000000000e+00   0.000000000000000000e+00 
  0.000000000000000000e+00   0.000000000000000000e+00 
  0.000000000000000000e+00   0.000000000000000000e+00 
  0.000000000000000000e+00   0.000000000000000000e+00 
  0.000000000000000000e+00   0.000000000000000000e+00 
  0.000000000000000000e+00   0.000000000000000000e+00 
  0.000000000000000000e+00   0.000000000000000000e+00 
  0.000000000000000000e+00   0.000000000000000000e+00 
  0.000000000000000000e+00   0.000000000000000000e+00 
  0.000000000000000000e+00   0.000000000000000000e+00 
  0.000000000000000000e+00   0.000000000000000000e+00 
  0.000000000000000000e+00   0.000000000000000000e+00 
  0.000000000000000000e+00   0.000000000000000000e+00 
  0.000000000000000000e+00   0.000000000000000000e+00 
  0.000000000000000000e+00   0.000000000000000000e+00 
  0.000000000000000000e+00   0.000000000000000000e+00 
  0.000000000000000000e+00   0.000000000000000000e+00 
  0.000000000000000000e+00   0.000000000000000000e+00 
  0.000000000000000000e+00   0.000000000000000000e+00 
  0.000000000000000000e+00   0.000000000000000000e+00 
  0.000000000000000000e+00   0.000000000000000000e+00 
  0.000000000000000000e+00   0.000000000000000000e+00 
  0.000000000000000000e+00   0.000000000000000000e+00 
  0.000000000000000000e+00   0.000000000000000000e+00 
 -3.609922947362055774e-03   0.000000000000000000e+00 
 -5.200750892981911800e-04   0.000000000000000000e+00 
 -5.029464606195689115e-03   0.000000000000000000e+00 
  6.789607461541747116e-03   0.000000000000000000e+00 
 -6.954257376491961018e-03   0.000000000000000000e+00 
  1.134482119232415286e-02   0.000000000000000000e+00 
  1.273705214262007279e-01   0.000000000000000000e+00 
  6.067463383078569583e-02   0.000000000000000000e+00 
 -3.446548478677871879e-03   0.000000000000000000e+00 
 -1.180295017547887447e-03   0.000000000000000000e+00 
 -3.635213524103165367e-02   0.000000000000000000e+00 
  8.140147663652896881e-03   0.000000000000000000e+00 
 -5.829889327287673950e-03   0.000000000000000000e+00 
 -1.799249672330916145e-03   0.000000000000000000e+00 
  5.332242231816054258e-03   0.000000000000000000e+00 
 -5.753366649150849776e-02   0.000000000000000000e+00 
  8.740676939487457275e-02   0.000000000000000000e+00 
  9.454892948269842320e-03   0.000000000000000000e+00 
 -5.987362470477812504e-03   0.000000000000000000e+00 
 -3.549685329198838668e-02   0.000000000000000000e+00 
  9.989065118134013085e-03   0.000000000000000000e+00 
  1.660992652177810947e-01   0.000000000000000000e+00 
 -1.580111831426621039e-01   0.000000000000000000e+00 
  9.138928353786468506e-02   0.000000000000000000e+00 
 -3.741092383861542303e-01   0.000000000000000000e+00 
 -7.696703672409057617e-01   0.000000000000000000e+00 
 -9.096369030885295389e-04   0.000000000000000000e+00 
 -9.640256315469743209e-02   0.000000000000000000e+00 
  0.000000000000000000e+00   0.000000000000000000e+00 
  0.000000000000000000e+00   0.000000000000000000e+00 
  0.000000000000000000e+00   0.000000000000000000e+00 
  0.000000000000000000e+00   0.000000000000000000e+00 
  0.000000000000000000e+00   0.000000000000000000e+00 
  0.000000000000000000e+00   0.000000000000000000e+00 
  0.000000000000000000e+00   0.000000000000000000e+00 
  0.000000000000000000e+00   0.000000000000000000e+00 
  0.000000000000000000e+00   0.000000000000000000e+00 
  0.000000000000000000e+00   0.000000000000000000e+00 
  0.000000000000000000e+00   0.000000000000000000e+00 
  0.000000000000000000e+00   0.000000000000000000e+00 
  0.000000000000000000e+00   0.000000000000000000e+00 
  0.000000000000000000e+00   0.000000000000000000e+00 
  0.000000000000000000e+00   0.000000000000000000e+00 
  0.000000000000000000e+00   0.000000000000000000e+00 
  0.000000000000000000e+00   0.000000000000000000e+00 
  0.000000000000000000e+00   0.000000000000000000e+00 
  0.000000000000000000e+00   0.000000000000000000e+00 
  0.000000000000000000e+00   0.000000000000000000e+00 
  0.000000000000000000e+00   0.000000000000000000e+00 
  0.000000000000000000e+00   0.000000000000000000e+00 
  0.000000000000000000e+00   0.000000000000000000e+00 
  0.000000000000000000e+00   0.000000000000000000e+00 
  0.000000000000000000e+00   0.000000000000000000e+00 
  0.000000000000000000e+00   0.000000000000000000e+00 
  0.000000000000000000e+00   0.000000000000000000e+00 
  0.000000000000000000e+00   0.000000000000000000e+00 
  0.000000000000000000e+00   0.000000000000000000e+00 
  0.000000000000000000e+00   0.000000000000000000e+00 
  0.000000000000000000e+00   0.000000000000000000e+00 
  0.000000000000000000e+00   0.000000000000000000e+00 
  0.000000000000000000e+00   0.000000000000000000e+00 
  0.000000000000000000e+00   0.000000000000000000e+00 
  0.000000000000000000e+00   0.000000000000000000e+00 
  0.000000000000000000e+00   0.000000000000000000e+00 
  0.000000000000000000e+00   0.000000000000000000e+00 
  0.000000000000000000e+00   0.000000000000000000e+00 
  0.000000000000000000e+00   0.000000000000000000e+00 
  0.000000000000000000e+00   0.000000000000000000e+00 
  0.000000000000000000e+00   0.000000000000000000e+00 
  0.000000000000000000e+00   0.000000000000000000e+00 
  0.000000000000000000e+00   0.000000000000000000e+00 
  0.000000000000000000e+00   0.000000000000000000e+00 
  0.000000000000000000e+00   0.000000000000000000e+00 
  0.000000000000000000e+00   0.000000000000000000e+00 
  0.000000000000000000e+00   0.000000000000000000e+00 
  0.000000000000000000e+00   0.000000000000000000e+00 
  0.000000000000000000e+00   0.000000000000000000e+00 
  0.000000000000000000e+00   0.000000000000000000e+00 
  0.000000000000000000e+00   0.000000000000000000e+00 
  0.000000000000000000e+00   0.000000000000000000e+00 
  0.000000000000000000e+00   0.000000000000000000e+00 
  0.000000000000000000e+00   0.000000000000000000e+00 
  0.000000000000000000e+00   0.000000000000000000e+00 
  0.000000000000000000e+00   0.000000000000000000e+00 
  3.955595602749640899e-04   0.000000000000000000e+00 
  1.728686839342118420e-01   0.000000000000000000e+00 
  6.704029510729238219e-04   0.000000000000000000e+00 
  1.641601411392949132e-04   0.000000000000000000e+00 
 -5.247752647846932843e-03   0.000000000000000000e+00 
 -5.877747014164925315e-02   0.000000000000000000e+00 
 -3.486628411337729799e-03   0.000000000000000000e+00 
 -7.073701126500956575e-04   0.000000000000000000e+00 
  1.549519482068750439e-03   0.000000000000000000e+00 
  6.321565597318116103e-04   0.000000000000000000e+00 
  3.639792557805777463e-03   0.000000000000000000e+00 
  2.724214689806103706e-03   0.000000000000000000e+00 
  7.390758837573230267e-04   0.000000000000000000e+00 
  3.119774395599961281e-03   0.000000000000000000e+00 
  3.504584019538014585e-04   0.000000000000000000e+00 
 -1.112790033221244812e-02   0.000000000000000000e+00 
  8.056908845901461069e-04   0.000000000000000000e+00 
 -7.749240845441891963e-03   0.000000000000000000e+00 
  1.794207245111465732e-01   0.000000000000000000e+00 
 -9.517760872840883568e-01   0.000000000000000000e+00 
 -7.696700748056111742e-03   0.000000000000000000e+00 
 -8.956116624176503963e-03   0.000000000000000000e+00 
  8.715041913092138118e-03   0.000000000000000000e+00 
 -5.458712205290792985e-02   0.000000000000000000e+00 
 -6.242402363568542653e-03   0.000000000000000000e+00 
  8.880603127181533468e-03   0.000000000000000000e+00 
  8.058787323534471331e-03   0.000000000000000000e+00 
  3.161523491144179604e-02   0.000000000000000000e+00 
  0.000000000000000000e+00   0.000000000000000000e+00 
  0.000000000000000000e+00   0.000000000000000000e+00 
  0.000000000000000000e+00   0.000000000000000000e+00 
  0.000000000000000000e+00   0.000000000000000000e+00 
  0.000000000000000000e+00   0.000000000000000000e+00 
  0.000000000000000000e+00   0.000000000000000000e+00 
  0.000000000000000000e+00   0.000000000000000000e+00 
  0.000000000000000000e+00   0.000000000000000000e+00 
  0.000000000000000000e+00   0.000000000000000000e+00 
  0.000000000000000000e+00   0.000000000000000000e+00 
  0.000000000000000000e+00   0.000000000000000000e+00 
  0.000000000000000000e+00   0.000000000000000000e+00 
  0.000000000000000000e+00   0.000000000000000000e+00 
  0.000000000000000000e+00   0.000000000000000000e+00 
  0.000000000000000000e+00   0.000000000000000000e+00 
  0.000000000000000000e+00   0.000000000000000000e+00 
  0.000000000000000000e+00   0.000000000000000000e+00 
  0.000000000000000000e+00   0.000000000000000000e+00 
  0.000000000000000000e+00   0.000000000000000000e+00 
  0.000000000000000000e+00   0.000000000000000000e+00 
  0.000000000000000000e+00   0.000000000000000000e+00 
  0.000000000000000000e+00   0.000000000000000000e+00 
  0.000000000000000000e+00   0.000000000000000000e+00 
  0.000000000000000000e+00   0.000000000000000000e+00 
  0.000000000000000000e+00   0.000000000000000000e+00 
  0.000000000000000000e+00   0.000000000000000000e+00 
  0.000000000000000000e+00   0.000000000000000000e+00 
  0.000000000000000000e+00   0.000000000000000000e+00 
  5.000927671790130619e-02   0.000000000000000000e+00 
  2.943463623523660984e-03   0.000000000000000000e+00 
 -1.226475387811660211e-01   0.000000000000000000e+00 
 -2.765910234302284502e-03   0.000000000000000000e+00 
  1.274085370823740742e-03   0.000000000000000000e+00 
  3.961837384849684410e-03   0.000000000000000000e+00 
  4.639485385268924886e-03   0.000000000000000000e+00 
 -2.601211192086339431e-03   0.000000000000000000e+00 
 -1.015056446194648743e-01   0.000000000000000000e+00 
  4.004341550171375275e-03   0.000000000000000000e+00 
 -6.550429388880727507e-04   0.000000000000000000e+00 
 -1.084350165911018848e-03   0.000000000000000000e+00 
 -1.165930647403001568e-03   0.000000000000000000e+00 
  8.354161982424557209e-04   0.000000000000000000e+00 
 -4.371175076812505722e-03   0.000000000000000000e+00 
 -1.129265408962965662e-03   0.000000000000000000e+00 
  5.904809804633252184e-04   0.000000000000000000e+00 
  7.714121937751768909e-01   0.000000000000000000e+00 
 -1.276925089769110049e-03   0.000000000000000000e+00 
 -6.744818761944833263e-03   0.000000000000000000e+00 
 -6.114039421081542969e-01   0.000000000000000000e+00 
  5.028635729104282207e-03   0.000000000000000000e+00 
 -3.124371636658908671e-03   0.000000000000000000e+00 
  7.065048068761833888e-02   0.000000000000000000e+00 
 -3.610966261476278305e-03   0.000000000000000000e+00 
 -5.616089794784784317e-03   0.000000000000000000e+00 
 -7.630161941051487318e-02   0.000000000000000000e+00 
 -3.917473182082172739e-02   0.000000000000000000e+00 
  0.000000000000000000e+00   0.000000000000000000e+00 
  0.000000000000000000e+00   0.000000000000000000e+00 
  0.000000000000000000e+00   0.000000000000000000e+00 
  0.000000000000000000e+00   0.000000000000000000e+00 
  0.000000000000000000e+00   0.000000000000000000e+00 
  0.000000000000000000e+00   0.000000000000000000e+00 
  0.000000000000000000e+00   0.000000000000000000e+00 
  0.000000000000000000e+00   0.000000000000000000e+00 
  0.000000000000000000e+00   0.000000000000000000e+00 
  0.000000000000000000e+00   0.000000000000000000e+00 
  0.000000000000000000e+00   0.000000000000000000e+00 
  0.000000000000000000e+00   0.000000000000000000e+00 
  0.000000000000000000e+00   0.000000000000000000e+00 
  0.000000000000000000e+00   0.000000000000000000e+00 
  0.000000000000000000e+00   0.000000000000000000e+00 
  0.000000000000000000e+00   0.000000000000000000e+00 
  0.000000000000000000e+00   0.000000000000000000e+00 
  0.000000000000000000e+00   0.000000000000000000e+00 
  0.000000000000000000e+00   0.000000000000000000e+00 
  0.000000000000000000e+00   0.000000000000000000e+00 
  0.000000000000000000e+00   0.000000000000000000e+00 
  0.000000000000000000e+00   0.000000000000000000e+00 
  0.000000000000000000e+00   0.000000000000000000e+00 
  0.000000000000000000e+00   0.000000000000000000e+00 
  0.000000000000000000e+00   0.000000000000000000e+00 
  0.000000000000000000e+00   0.000000000000000000e+00 
  0.000000000000000000e+00   0.000000000000000000e+00 
  0.000000000000000000e+00   0.000000000000000000e+00 
  7.247655186801556411e-03   0.000000000000000000e+00 
  8.286054246127546458e-03   0.000000000000000000e+00 
 -9.063656441867169386e-03   0.000000000000000000e+00 
 -2.217781438957885985e-04   0.000000000000000000e+00 
  2.558712847530843128e-03   0.000000000000000000e+00 
 -9.301040321588513460e-02   0.000000000000000000e+00 
 -4.198572132736443606e-03   0.000000000000000000e+00 
 -8.008479489944927282e-04   0.000000000000000000e+00 
  5.638763774186363216e-03   0.000000000000000000e+00 
  5.244884639978408813e-03   0.000000000000000000e+00 
  5.373207852244377136e-03   0.000000000000000000e+00 
 -2.876117825508117676e-03   0.000000000000000000e+00 
  2.920323517173529105e-03   0.000000000000000000e+00 
 -1.556717790663242340e-03   0.000000000000000000e+00 
 -6.138940807431936264e-03   0.000000000000000000e+00 
 -9.177889674901964015e-03   0.000000000000000000e+00 
  5.370632745325561869e-03   0.000000000000000000e+00 
  8.563276380300577362e-03   0.000000000000000000e+00 
  2.731045894324778470e-02   0.000000000000000000e+00 
  4.347264766693076203e-03   0.000000000000000000e+00 
  9.562305174767918997e-03   0.000000000000000000e+00 
  3.266625804826618108e-03   0.000000000000000000e+00 
  1.088495738804340536e-02   0.000000000000000000e+00 
  5.885655283927918591e-01   0.000000000000000000e+00 
  3.003404708579184793e-03   0.000000000000000000e+00 
  1.042446400970220566e-02   0.000000000000000000e+00 
 -1.162062957882868848e-02   0.000000000000000000e+00 
  8.242725133895876244e-01   0.000000000000000000e+00 
  0.000000000000000000e+00   0.000000000000000000e+00 
  0.000000000000000000e+00   0.000000000000000000e+00 
  0.000000000000000000e+00   0.000000000000000000e+00 
  0.000000000000000000e+00   0.000000000000000000e+00 
  0.000000000000000000e+00   0.000000000000000000e+00 
  0.000000000000000000e+00   0.000000000000000000e+00 
  0.000000000000000000e+00   0.000000000000000000e+00 
  0.000000000000000000e+00   0.000000000000000000e+00 
  0.000000000000000000e+00   0.000000000000000000e+00 
  0.000000000000000000e+00   0.000000000000000000e+00 
  0.000000000000000000e+00   0.000000000000000000e+00 
  0.000000000000000000e+00   0.000000000000000000e+00 
  0.000000000000000000e+00   0.000000000000000000e+00 
  0.000000000000000000e+00   0.000000000000000000e+00 
  0.000000000000000000e+00   0.000000000000000000e+00 
  0.000000000000000000e+00   0.000000000000000000e+00 
  0.000000000000000000e+00   0.000000000000000000e+00 
  0.000000000000000000e+00   0.000000000000000000e+00 
  0.000000000000000000e+00   0.000000000000000000e+00 
  0.000000000000000000e+00   0.000000000000000000e+00 
  0.000000000000000000e+00   0.000000000000000000e+00 
  0.000000000000000000e+00   0.000000000000000000e+00 
  0.000000000000000000e+00   0.000000000000000000e+00 
  0.000000000000000000e+00   0.000000000000000000e+00 
  0.000000000000000000e+00   0.000000000000000000e+00 
  0.000000000000000000e+00   0.000000000000000000e+00 
  0.000000000000000000e+00   0.000000000000000000e+00 
  0.000000000000000000e+00   0.000000000000000000e+00 
 -3.924653306603460151e-02   0.000000000000000000e+00 
  7.832255214452712305e-03   0.000000000000000000e+00 
 -7.413044571876528654e-02   0.000000000000000000e+00 
 -2.298064297065143154e-03   0.000000000000000000e+00 
  2.738647453952543285e-04   0.000000000000000000e+00 
 -2.689087123143761517e-04   0.000000000000000000e+00 
 -5.502700805664066837e-03   0.000000000000000000e+00 
 -3.787045134231450776e-03   0.000000000000000000e+00 
 -6.339710950851440430e-02   0.000000000000000000e+00 
  8.847272954881191254e-03   0.000000000000000000e+00 
 -4.538900684565304842e-03   0.000000000000000000e+00 
 -8.553548250347375870e-04   0.000000000000000000e+00 
  8.004775270819664001e-03   0.000000000000000000e+00 
  8.742817444726824760e-04   0.000000000000000000e+00 
  1.278338255360721674e-03   0.000000000000000000e+00 
 -2.939097350463272876e-03   0.000000000000000000e+00 
 -1.962305745109918769e-03   0.000000000000000000e+00 
  1.447179615497588279e-01   0.000000000000000000e+00 
  6.947049871087118515e-03   0.000000000000000000e+00 
  1.177103817462924092e-02   0.000000000000000000e+00 
  1.402379125356673639e-01   0.000000000000000000e+00 
  6.059737410396339244e-03   0.000000000000000000e+00 
 -8.081838488578799856e-03   0.000000000000000000e+00 
 -1.387700717896226364e-02   0.000000000000000000e+00 
  8.697043173015115911e-03   0.000000000000000000e+00 
 -1.080203521996736873e-02   0.000000000000000000e+00 
  9.764650464057924584e-01   0.000000000000000000e+00 
  7.302594021893263603e-04   0.000000000000000000e+00 
  0.000000000000000000e+00   0.000000000000000000e+00 
  0.000000000000000000e+00   0.000000000000000000e+00 
  0.000000000000000000e+00   0.000000000000000000e+00 
  0.000000000000000000e+00   0.000000000000000000e+00 
  0.000000000000000000e+00   0.000000000000000000e+00 
  0.000000000000000000e+00   0.000000000000000000e+00 
  0.000000000000000000e+00   0.000000000000000000e+00 
  0.000000000000000000e+00   0.000000000000000000e+00 
  0.000000000000000000e+00   0.000000000000000000e+00 
  0.000000000000000000e+00   0.000000000000000000e+00 
  0.000000000000000000e+00   0.000000000000000000e+00 
  0.000000000000000000e+00   0.000000000000000000e+00 
  0.000000000000000000e+00   0.000000000000000000e+00 
  0.000000000000000000e+00   0.000000000000000000e+00 
  0.000000000000000000e+00   0.000000000000000000e+00 
  0.000000000000000000e+00   0.000000000000000000e+00 
  0.000000000000000000e+00   0.000000000000000000e+00 
  0.000000000000000000e+00   0.000000000000000000e+00 
  0.000000000000000000e+00   0.000000000000000000e+00 
  0.000000000000000000e+00   0.000000000000000000e+00 
  0.000000000000000000e+00   0.000000000000000000e+00 
  0.000000000000000000e+00   0.000000000000000000e+00 
  0.000000000000000000e+00   0.000000000000000000e+00 
  0.000000000000000000e+00   0.000000000000000000e+00 
  0.000000000000000000e+00   0.000000000000000000e+00 
  0.000000000000000000e+00   0.000000000000000000e+00 
  0.000000000000000000e+00   0.000000000000000000e+00 
  0.000000000000000000e+00   0.000000000000000000e+00 
  2.158677671104880774e-03   0.000000000000000000e+00 
  2.791932038962843809e-02   0.000000000000000000e+00 
 -5.365938413888228162e-03   0.000000000000000000e+00 
 -3.478436497971410316e-03   0.000000000000000000e+00 
 -2.513108775019654365e-03   0.000000000000000000e+00 
 -1.274170130491256159e-01   0.000000000000000000e+00 
 -5.020441487431520980e-03   0.000000000000000000e+00 
 -4.767979960888603375e-03   0.000000000000000000e+00 
 -4.110802337527272310e-02   0.000000000000000000e+00 
 -3.105818992480636510e-03   0.000000000000000000e+00 
 -2.822995520546003455e-05   0.000000000000000000e+00 
 -1.441953354515135505e-03   0.000000000000000000e+00 
  5.225568078458309174e-03   0.000000000000000000e+00 
 -5.438401363790035248e-03   0.000000000000000000e+00 
  3.286217804998158975e-03   0.000000000000000000e+00 
  5.368788726627827558e-03   0.000000000000000000e+00 
 -6.921429187059399864e-03   0.000000000000000000e+00 
  5.979409441351891258e-02   0.000000000000000000e+00 
  4.164924472570415842e-02   0.000000000000000000e+00 
  1.112827658653260249e-01   0.000000000000000000e+00 
  7.198592275381096584e-02   0.000000000000000000e+00 
 -1.468505803495645870e-02   0.000000000000000000e+00 
 -3.042186796665191997e-02   0.000000000000000000e+00 
 -8.100928664207458496e-01   0.000000000000000000e+00 
  1.844642125070095409e-02   0.000000000000000000e+00 
  3.490302339196204445e-02   0.000000000000000000e+00 
 -8.289240300655376092e-02   0.000000000000000000e+00 
  5.549021959304810681e-01   0.000000000000000000e+00 
  0.000000000000000000e+00   0.000000000000000000e+00 
  0.000000000000000000e+00   0.000000000000000000e+00 
  0.000000000000000000e+00   0.000000000000000000e+00 
  0.000000000000000000e+00   0.000000000000000000e+00 
  0.000000000000000000e+00   0.000000000000000000e+00 
  0.000000000000000000e+00   0.000000000000000000e+00 
  0.000000000000000000e+00   0.000000000000000000e+00 
  0.000000000000000000e+00   0.000000000000000000e+00 
  0.000000000000000000e+00   0.000000000000000000e+00 
  0.000000000000000000e+00   0.000000000000000000e+00 
  0.000000000000000000e+00   0.000000000000000000e+00 
  0.000000000000000000e+00   0.000000000000000000e+00 
  0.000000000000000000e+00   0.000000000000000000e+00 
  0.000000000000000000e+00   0.000000000000000000e+00 
  0.000000000000000000e+00   0.000000000000000000e+00 
  0.000000000000000000e+00   0.000000000000000000e+00 
  0.000000000000000000e+00   0.000000000000000000e+00 
  0.000000000000000000e+00   0.000000000000000000e+00 
  0.000000000000000000e+00   0.000000000000000000e+00 
  0.000000000000000000e+00   0.000000000000000000e+00 
  0.000000000000000000e+00   0.000000000000000000e+00 
  0.000000000000000000e+00   0.000000000000000000e+00 
  0.000000000000000000e+00   0.000000000000000000e+00 
  0.000000000000000000e+00   0.000000000000000000e+00 
  0.000000000000000000e+00   0.000000000000000000e+00 
  0.000000000000000000e+00   0.000000000000000000e+00 
  0.000000000000000000e+00   0.000000000000000000e+00 
  0.000000000000000000e+00   0.000000000000000000e+00 
  2.851036144420440385e-03   0.000000000000000000e+00 
 -7.166496943682439114e-03   0.000000000000000000e+00 
  8.466503932140905268e-04   0.000000000000000000e+00 
  8.641810156405025853e-03   0.000000000000000000e+00 
 -4.053191747516228863e-03   0.000000000000000000e+00 
  1.941427029669284474e-02   0.000000000000000000e+00 
  2.203811332583431939e-02   0.000000000000000000e+00 
  1.405982524156573765e-01   0.000000000000000000e+00 
  6.505210418254131835e-03   0.000000000000000000e+00 
 -1.094801165163514917e-02   0.000000000000000000e+00 
 -2.139361388981341622e-02   0.000000000000000000e+00 
  1.374189648777246475e-02   0.000000000000000000e+00 
 -2.702343044802546935e-03   0.000000000000000000e+00 
  2.158961025997995897e-03   0.000000000000000000e+00 
  9.218545630574226379e-03   0.000000000000000000e+00 
 -1.034963652491569519e-01   0.000000000000000000e+00 
  3.512610215693707464e-03   0.000000000000000000e+00 
 -1.227949559688567595e-02   0.000000000000000000e+00 
 -7.765956223011013376e-03   0.000000000000000000e+00 
 -1.179765816777945953e-02   0.000000000000000000e+00 
 -5.944737698882832967e-03   0.000000000000000000e+00 
 -1.074089184403419911e-01   0.000000000000000000e+00 
 -2.175638973712921420e-01   0.000000000000000000e+00 
  1.508095264434814453e-01   0.000000000000000000e+00 
 -8.009331226348876953e-01   0.000000000000000000e+00 
  1.042094677686692672e-01   0.000000000000000000e+00 
  4.320059451858730725e-05   0.000000000000000000e+00 
 -2.707466483116149555e-02   0.000000000000000000e+00 
  0.000000000000000000e+00   0.000000000000000000e+00 
  0.000000000000000000e+00   0.000000000000000000e+00 
  0.000000000000000000e+00   0.000000000000000000e+00 
  0.000000000000000000e+00   0.000000000000000000e+00 
  0.000000000000000000e+00   0.000000000000000000e+00 
  0.000000000000000000e+00   0.000000000000000000e+00 
  0.000000000000000000e+00   0.000000000000000000e+00 
  0.000000000000000000e+00   0.000000000000000000e+00 
  0.000000000000000000e+00   0.000000000000000000e+00 
  0.000000000000000000e+00   0.000000000000000000e+00 
  0.000000000000000000e+00   0.000000000000000000e+00 
  0.000000000000000000e+00   0.000000000000000000e+00 
  0.000000000000000000e+00   0.000000000000000000e+00 
  0.000000000000000000e+00   0.000000000000000000e+00 
  0.000000000000000000e+00   0.000000000000000000e+00 
  0.000000000000000000e+00   0.000000000000000000e+00 
  0.000000000000000000e+00   0.000000000000000000e+00 
  0.000000000000000000e+00   0.000000000000000000e+00 
  0.000000000000000000e+00   0.000000000000000000e+00 
  0.000000000000000000e+00   0.000000000000000000e+00 
  0.000000000000000000e+00   0.000000000000000000e+00 
  0.000000000000000000e+00   0.000000000000000000e+00 
  0.000000000000000000e+00   0.000000000000000000e+00 
  0.000000000000000000e+00   0.000000000000000000e+00 
  0.000000000000000000e+00   0.000000000000000000e+00 
  0.000000000000000000e+00   0.000000000000000000e+00 
  0.000000000000000000e+00   0.000000000000000000e+00 
  0.000000000000000000e+00   0.000000000000000000e+00 
 -8.932828204706262437e-04   0.000000000000000000e+00 
 -4.177208058536050102e-03   0.000000000000000000e+00 
  3.783631138503554085e-03   0.000000000000000000e+00 
  4.898162558674735122e-03   0.000000000000000000e+00 
  8.756050840020304649e-03   0.000000000000000000e+00 
 -1.016278844326734022e-02   0.000000000000000000e+00 
  1.378592103719711026e-01   0.000000000000000000e+00 
  5.396816879510867720e-02   0.000000000000000000e+00 
 -3.522419137880203940e-03   0.000000000000000000e+00 
 -2.978356555104248737e-03   0.000000000000000000e+00 
  2.822345495223997289e-02   0.000000000000000000e+00 
  1.128172129392623901e-02   0.000000000000000000e+00 
 -9.479694999754428864e-03   0.000000000000000000e+00 
 -1.554526854306459644e-03   0.000000000000000000e+00 
  1.128303073346615011e-02   0.000000000000000000e+00 
 -6.070742383599282005e-02   0.000000000000000000e+00 
  9.148906171321868896e-02   0.000000000000000000e+00 
  1.853719702921810802e-03   0.000000000000000000e+00 
 -3.707853611558732687e-04   0.000000000000000000e+00 
  2.094981260597706535e-02   0.000000000000000000e+00 
  5.706343799829490838e-03   0.000000000000000000e+00 
 -1.802986413240433017e-01   0.000000000000000000e+00 
  1.751890629529953558e-01   0.000000000000000000e+00 
 -7.162141054868698120e-02   0.000000000000000000e+00 
 -3.648621737957001288e-01   0.000000000000000000e+00 
 -7.320151925086973987e-01   0.000000000000000000e+00 
 -6.427582819014795480e-03   0.000000000000000000e+00 
  7.454867660999299483e-02   0.000000000000000000e+00 
