    4.0494999999999997e+01
    4.1494999999999997e+01
    4.2494999999999997e+01
    4.3494999999999997e+01
    4.4494999999999997e+01
    4.5494999999999997e+01
    4.6494999999999997e+01
    4.7494999999999997e+01
    4.8495000000000005e+01
    4.9495000000000005e+01
    5.0495000000000005e+01
    5.1495000000000005e+01
    5.2495000000000005e+01
    5.3495000000000005e+01
    5.4495000000000005e+01
    5.5495000000000005e+01
    5.6495000000000005e+01
    5.7495000000000005e+01
    5.8495000000000005e+01
    5.9495000000000005e+01
    6.0495000000000005e+01
    6.1495000000000005e+01
    6.2495000000000005e+01
    6.3495000000000005e+01
    6.4495000000000005e+01
    6.5495000000000005e+01
    6.6495000000000005e+01
    6.7495000000000005e+01
    6.8495000000000005e+01
    6.9495000000000005e+01
    7.0495000000000005e+01
    7.1495000000000005e+01
    7.2495000000000005e+01
    7.3495000000000005e+01
    7.4495000000000005e+01
    7.5495000000000005e+01
    7.6495000000000005e+01
    7.7495000000000005e+01
    7.8495000000000005e+01
    7.9495000000000005e+01
    8.0495000000000005e+01
    8.1495000000000005e+01
    8.2495000000000005e+01
    8.3495000000000005e+01
    8.4495000000000005e+01
    8.5495000000000005e+01
    8.6495000000000005e+01
    8.7495000000000005e+01
    8.8495000000000005e+01
    8.9495000000000005e+01
    9.0495000000000005e+01
    9.1495000000000005e+01
    9.2495000000000005e+01
    9.3495000000000005e+01
    9.4495000000000005e+01
    9.5495000000000005e+01
    9.6495000000000005e+01
    9.7495000000000005e+01
    9.8495000000000005e+01
    9.9495000000000005e+01
    1.0049500000000000e+02
    1.0149500000000000e+02
    1.0249500000000000e+02
    1.0349500000000000e+02
    1.0449500000000000e+02
    1.0549500000000000e+02
    1.0649500000000000e+02
    1.0749500000000000e+02
    1.0849500000000000e+02
    1.0949500000000000e+02
    1.1049500000000000e+02
    1.1149500000000000e+02
    1.1249500000000000e+02
    1.1349500000000000e+02
    1.1449500000000000e+02
    1.1549500000000000e+02
    1.1649500000000000e+02
    1.1749500000000000e+02
    1.1849500000000000e+02
    1.1949500000000000e+02
    1.2049500000000000e+02
    1.2149500000000000e+02
    1.2249500000000000e+02
    1.2349500000000000e+02
    1.2449500000000000e+02
    1.2549500000000000e+02
    1.2649500000000000e+02
    1.2749500000000000e+02
    1.2849500000000000e+02
    1.2949500000000000e+02
    1.3049500000000000e+02
    1.3149500000000000e+02
    1.3249500000000000e+02
    1.3349500000000000e+02
    1.3449500000000000e+02
    1.3549500000000000e+02
    1.3649500000000000e+02
    1.3749500000000000e+02
    1.3849500000000000e+02
    1.3949500000000000e+02
    1.4049500000000000e+02
    1.4149500000000000e+02
    1.4249500000000000e+02
    1.4349500000000000e+02
    1.4449500000000000e+02
    1.4549500000000000e+02
    1.4649500000000000e+02
    1.4749500000000000e+02
    1.4849500000000000e+02
    1.4949500000000000e+02
    1.5049500000000000e+02
    1.5149500000000000e+02
    1.5249500000000000e+02
    1.5349500000000000e+02
    1.5449500000000000e+02
    1.5549500000000000e+02
    1.5649500000000000e+02
    1.5749500000000000e+02
    1.5849500000000000e+02
    1.5949500000000000e+02
    1.6049500000000000e+02
    1.6149500000000000e+02
    1.6249500000000000e+02
    1.6349500000000000e+02
    1.6449500000000000e+02
    1.6549500000000000e+02
    1.6649500000000000e+02
    1.6749500000000000e+02
    1.6849500000000000e+02
    1.6949500000000000e+02
    1.7049500000000000e+02
    1.7149500000000000e+02
    1.7249500000000000e+02
    1.7349500000000000e+02
    1.7449500000000000e+02
    1.7549500000000000e+02
    1.7649500000000000e+02
    1.7749500000000000e+02
    1.7849500000000000e+02
    1.7949500000000000e+02
    1.8049500000000000e+02
    1.8149500000000000e+02
    1.8249500000000000e+02
    1.8349500000000000e+02
    1.8449500000000000e+02
    1.8549500000000000e+02
    1.8649500000000000e+02
    1.8749500000000000e+02
    1.8849500000000000e+02
    1.8949500000000000e+02
    1.9049500000000000e+02
    1.9149500000000000e+02
    1.9249500000000000e+02
    1.9349500000000000e+02
    1.9449500000000000e+02
    1.9549500000000000e+02
    1.9649500000000000e+02
    1.9749500000000000e+02
    1.9849500000000000e+02
    1.9949500000000000e+02
    2.0049500000000000e+02
    2.0149500000000000e+02
    2.0249500000000000e+02
    2.0349500000000000e+02
    2.0449500000000000e+02
    2.0549500000000000e+02
    2.0649500000000000e+02
    2.0749500000000000e+02
    2.0849500000000000e+02
    2.0949500000000000e+02
    2.1049500000000000e+02
    2.1149500000000000e+02
    2.1249500000000000e+02
    2.1349500000000000e+02
    2.1449500000000000e+02
    2.1549500000000000e+02
    2.1649500000000000e+02
    2.1749500000000000e+02
