   -7.7683907812822033e+06   -1.5267687810485988e+05
   -7.7204433951593153e+06    9.2239101104985821e+03
   -7.6859849986564834e+06    7.8045998902750624e+04
   -7.6896884644163512e+06    1.6861165183251269e+03
   -7.7231682164054476e+06    7.5573501375635300e+04
   -7.7094842577833366e+06    1.6649117464275737e+05
   -7.7154835744841974e+06    5.7616633766671737e+04
   -7.7278282361293808e+06    1.2127896931726798e+05
   -7.7197598031226192e+06   -1.2907351687485220e+05
   -7.6947351605786169e+06    1.3623107325536403e+05
   -7.7288279885848872e+06   -1.5774966432486818e+05
   -7.7404090829346031e+06   -4.7197767274761121e+04
   -7.6821521516681369e+06    1.6180516217254451e+05
   -7.6741948054011725e+06    6.5231430867989169e+04
   -7.6666915268454850e+06    1.0461833054953648e+05
   -7.6908623863382824e+06   -1.3300050252809218e+05
   -7.5962701349243578e+06    2.5471699792850028e+04
   -7.7021466243918091e+06   -6.0107217652753163e+04
   -7.7179300115765790e+06   -5.2195080185789629e+04
   -7.7285589916423941e+06   -3.8223975129383689e+04
   -7.7226894530774746e+06   -3.9653932094992138e+04
   -7.7159349578106217e+06    5.2446357046021265e+04
   -7.7278674286396354e+06    1.4006534819178603e+05
   -7.7332030765966782e+06   -9.9499560604556289e+04
   -7.6924619941507392e+06   -2.0478070138485011e+04
   -7.6509731883922014e+06    2.5060401956469272e+04
   -7.7094868663368188e+06   -7.7631278024087733e+04
   -7.6941978455762248e+06   -2.1183492413811415e+04
   -7.6678626002881713e+06    1.4165921675859827e+04
   -7.7160539239943828e+06    7.0484909908030648e+04
   -7.7001720189922061e+06    7.0179738400302813e+02
   -7.6964029512225231e+06    3.5826749105431780e+04
   -7.6861177599499589e+06   -6.0495598771584864e+03
   -7.7190449123213710e+06    6.8034982008029649e+04
   -7.7534388108769124e+06   -5.9575485501369796e+04
   -7.7053902468963023e+06   -4.9112099259593779e+03
   -7.7039557044043029e+06    4.3658741934241967e+04
   -7.6963797005168758e+06   -2.0363496643506565e+04
   -7.6454952190266680e+06   -1.9994322299326512e+04
   -7.7053231582588255e+06   -6.6866058095654851e+04
   -7.7130534290975416e+06    4.1217934272335544e+04
   -7.6829806184184067e+06   -8.8936389889649785e+04
   -7.6766356541520236e+06   -1.2942400492097178e+04
   -7.7018045479693441e+06    6.1473633651071868e+03
   -7.7292404325042125e+06   -1.2928757424237118e+05
   -7.7216829424148565e+06   -1.7924440731217255e+04
   -7.7108893398314882e+06    2.8633143776383658e+03
   -7.6683063709263951e+06   -2.2843001648254613e+03
   -7.6833552705624821e+06    1.6601544170504788e+05
   -7.6671917527178638e+06   -4.3333978192239025e+04
   -7.7375247038697815e+06   -1.8402435401513419e+04
   -7.7297565770415431e+06    2.4018085452170766e+04
   -7.7055251627094066e+06   -1.5071348754663850e+03
   -7.7298847735722186e+06   -1.1117126748915321e+05
   -7.6513513456137590e+06    4.8708119619416364e+04
   -7.6729582975773271e+06   -1.9970509458651199e+04
   -7.7345344562935056e+06    1.0782921721707587e+04
   -7.7117349869276127e+06   -7.3058456491416262e+04
   -7.6782677431938443e+06    5.0793842041582015e+04
   -7.7104850838596895e+06    2.4112901808042639e+04
   -7.7102622751857378e+06    8.2781203451430134e+04
   -7.6638868031073641e+06   -6.0621164388835714e+03
   -7.7086687349492367e+06   -2.9095205813247157e+03
   -7.7294733094513388e+06   -4.7350539767769114e+04
   -7.7383490025136592e+06   -5.4048062378852082e+04
   -7.7457730803436860e+06   -1.6199071202927851e+04
   -7.6435377278173771e+06    3.0577945762201289e+04
   -7.6881675147906486e+06   -5.5164625546018309e+04
   -7.7474500959353913e+06    2.4414906462878593e+04
   -7.7195246660589464e+06    2.3109681321757995e+04
   -7.6539933261037599e+06   -3.7669523914660502e+04
   -7.6238520997282462e+06    1.1616695153210948e+05
   -7.6356336827254109e+06    3.8805670942284305e+04
   -7.6965345735243987e+06    1.0691926565363718e+05
   -7.7494950651373304e+06   -5.3468379370203591e+04
   -7.7114444275972629e+06   -3.7651810716358068e+03
   -7.7147913499492053e+06   -6.6400246072623864e+04
   -7.7319276760225212e+06    1.9639353533414018e+04
   -7.6814394253379274e+06    1.8076494196055189e+05
   -7.6861706723610265e+06   -1.3095275722870692e+05
   -7.6812609349348564e+06    7.3265463251375040e+03
   -7.6583750204574428e+06    5.6055266041029252e+04
   -7.6810148946051076e+06   -1.1695467524974501e+05
   -7.6170056374910921e+06   -8.7285217237358200e+04
   -7.7224608344637547e+06   -4.7016641875455840e+04
   -7.6509659825371113e+06    3.0030642792851409e+04
   -7.6850133647138383e+06   -3.6279728826257488e+04
   -7.7237930601259740e+06    2.4081705430536054e+04
   -7.6862629766680524e+06    5.5112108752249769e+03
   -7.7154074505602261e+06    9.8723528725474127e+04
   -7.7884065410224274e+06    1.1241532758594782e+05
   -7.6833941749175005e+06    1.9651593257623237e+04
   -7.7043724677236537e+06   -6.3717800894455286e+04
   -7.7391495883558597e+06   -3.6785103776524891e+04
   -7.7064582423033882e+06   -1.6124037489977669e+04
   -7.6968637949222624e+06    3.9503227207201599e+04
   -7.7419882593310196e+06   -6.1551862719349330e+04
   -7.7188616837890893e+06    1.1683442407676481e+04
   -7.7261308734202161e+06    9.0750827197953731e+03
   -7.7318710629219795e+06    2.4220333006475452e+04
   -7.6881140789631139e+06   -2.0493772438167798e+02
   -7.7330714731594436e+06    3.4117909427455452e+04
   -7.7272577208492421e+06    1.0055476276724683e+04
   -7.7351652202887628e+06   -9.6838100845190158e+04
   -7.7250939549491145e+06    1.3336688949235311e+04
   -7.6924511431740690e+06    2.3107046464812858e+04
   -7.7178917393842759e+06   -6.8493978870787920e+04
   -7.7489253601213694e+06    5.4882474982860615e+04
   -7.7288105394865796e+06    2.8842622549609405e+04
   -7.7267677376669822e+06    4.3587727347986132e+04
   -7.7535673056191644e+06   -1.8548094361695556e+04
   -7.7585062580214143e+06    5.2369275360180211e+04
   -7.6688343352753473e+06    7.8774680635939600e+04
   -7.6502840377410073e+06   -1.3076984381262830e+05
   -7.6443310689943358e+06   -1.1516902048395498e+05
   -7.6715379614110477e+06   -3.3962019533939165e+03
   -7.6912738626134563e+06    1.1750813585191579e+05
   -7.7126269545946326e+06   -4.4042635372955883e+04
   -7.7386021055856366e+06    2.4340037951769150e+05
   -7.7295222089705039e+06    3.4922371675404269e+04
   -7.7621721534939865e+06    3.2454357774410382e+04
   -7.7693778072933946e+06   -1.4629470868644275e+05
   -7.7579548308136370e+06    1.8722687134605541e+05
   -7.7452276198237361e+06   -9.1638880490785101e+04
   -7.7520969996631164e+06    4.1701147849823828e+03
   -7.7314766183011215e+06   -1.1837581204717344e+05
   -7.7348872770700920e+06    4.8455049241252840e+04
   -7.6697962062689997e+06   -7.8591343139478398e+04
   -7.6417947046934851e+06   -3.6242497870442516e+04
   -7.6320450676673995e+06   -1.4480243329618452e+05
   -7.6212640860912558e+06    1.4716937108913771e+05
   -7.6920583984397072e+06    4.0924534637421311e+02
   -7.6884826208243761e+06    9.2210852577300451e+04
   -7.7295006393539477e+06   -1.2164684214778303e+05
   -7.7331151139461035e+06   -7.7215205795306567e+04
   -7.6919368579228166e+06   -3.4473407270785741e+04
   -7.7124023855351582e+06   -1.1876613322563494e+05
   -7.7167460674293023e+06    1.7987989984056621e+05
   -7.7300641521855425e+06   -8.1938623829023534e+04
   -7.7511491310499609e+06   -1.0835584778987477e+05
   -7.7106299756578542e+06    7.5012484774782293e+04
   -7.6976117774715787e+06    3.8692537373377600e+04
   -7.7367755910373172e+06   -1.0518851920214714e+05
   -7.7083801496889619e+06   -1.9332730212981322e+04
   -7.7486335452769659e+06   -9.8377171524085192e+04
   -7.7370585189230144e+06    8.4096830921679415e+04
   -7.7480231639847066e+06    8.4281674178506131e+04
   -7.7782529678557990e+06   -9.8347677697938634e+04
   -7.6872463581503788e+06   -4.6286413545813411e+04
   -7.7633725330999997e+06   -7.0926098411951360e+04
   -7.7534456796158589e+06   -3.1492912318931943e+04
   -7.6685385587858297e+06   -3.5726363782415581e+04
   -7.7403626718822010e+06    4.7856772396354463e+04
   -7.7745645116472924e+06    8.0038388537383886e+04
   -7.7625311625000210e+06   -2.5997279839068229e+04
   -7.7650418365562735e+06    4.2898962956629555e+04
   -7.7220765426669996e+06    1.0750835543161719e+05
   -7.7245876261521559e+06    1.6654734898121384e+04
   -7.7408849425220359e+06    4.3674793777114697e+04
   -7.6741096071288884e+06   -2.5806151154752792e+04
   -7.6872217102579251e+06    6.5385719260819387e+04
   -7.6758993691021735e+06    9.5891947625470886e+04
   -7.7377626546641877e+06   -4.3355685091078900e+04
   -7.7088326119399741e+06    7.6751317077526153e+04
   -7.6804200249389447e+06   -5.2127064205414557e+04
   -7.6985003179138554e+06   -1.9184095180700431e+04
   -7.7208441291698441e+06   -6.7066458465547010e+04
   -7.7059446555359671e+06   -9.4120731301317312e+04
   -7.6713653812571429e+06   -8.9524806024964913e+04
   -7.6738869031283529e+06    1.3803120301073688e+05
   -7.6601122748366995e+06    5.7563287955354877e+04
   -7.6852887142871758e+06    7.6526015003359898e+03
   -7.6665119419039963e+06    3.8731117605731255e+04
   -7.6623554387454223e+06    3.2355744969468411e+04
   -7.6861682560891816e+06   -5.2188552788474008e+04
   -7.6888644925895846e+06    1.3303898182904581e+04
   -7.6709658164804960e+06   -5.7456199560468733e+04
   -7.7101708167466316e+06    1.2171560306515114e+05
