    7.5656193330749171e+04   -7.6273495535354550e+02
    7.5999807264031202e+04   -1.5734095132269195e+02
    7.5989550559601514e+04   -1.4634116217253231e+02
    7.5827653459441222e+04   -1.1723000795990964e+02
    7.6039409214467130e+04   -1.4454390553060421e+01
    7.7042508708684021e+04   -3.7559962012729352e+02
    7.6430043494436803e+04    8.2701122317376667e+02
    7.6172916616268776e+04    3.5930356818826294e+02
    7.6507966084709493e+04    5.4775751394608449e+01
    7.6915825922097836e+04    1.5927127845031441e+02
    7.6267321600698517e+04    1.5682060248163614e+03
    7.6357707422884021e+04   -1.6487283766283758e+02
    7.5702436577751243e+04    1.1265415749616045e+03
    7.5136435534952194e+04   -1.6036813598325643e+03
    7.5789356062354520e+04    1.6260389411474313e+02
    7.6275512642869915e+04   -4.7282548961700445e+02
    7.6472008466091691e+04    2.8856239279621059e+02
    7.6526894355443917e+04   -5.0872522250999981e+02
    7.6373913183354118e+04    5.2372052308246248e+02
    7.6055271387109591e+04   -3.3751065359910513e+01
    7.6197005577622564e+04    8.8907077342823266e+02
    7.5501058065793914e+04   -4.5476069487384598e+02
    7.6101430630756178e+04   -1.7078396803997859e+03
    7.5617651366676466e+04    5.2941718741883517e+02
    7.5765225789341552e+04    3.3124112569533054e+01
    7.6687977493830214e+04    2.2083259009107420e+02
    7.5876752355744684e+04    1.2430254770030214e+02
    7.6299997796279102e+04   -1.2670176723434038e+03
    7.5159170855723089e+04    7.1921275064015117e+02
    7.4968791805007961e+04   -5.1284652351848149e+02
    7.5062938640437351e+04   -9.5608032159144364e+02
    7.5634837171854306e+04   -2.9725057073504996e+02
    7.5457434159098731e+04   -6.3388857746187432e+02
    7.5958807957685523e+04    3.9909472714839251e+02
    7.6213778749079211e+04   -7.7150671049486891e+02
    7.6599488168565382e+04    8.8940639487802935e+02
    7.6683181851458037e+04    1.3257721043021422e+02
    7.6766522299823526e+04   -6.6779303507661393e+02
    7.7024718808979873e+04    1.8133475360135162e+02
    7.6975336105982860e+04   -7.3700306481334360e+02
    7.6899477623096813e+04   -1.2669523762538715e+03
    7.6761997493793635e+04    8.1032332775220084e+01
    7.6276569665522198e+04   -3.3173250406652096e+02
    7.6105662330518942e+04    1.3246610920256671e+03
    7.5988063310052268e+04    7.2996770449293967e+02
    7.5334163416206371e+04    1.5199522764576100e+03
    7.6072736807617504e+04   -4.0616250217830532e+02
    7.5135757255508448e+04   -7.8129973061500368e+02
    7.5293278193099832e+04   -5.8142646985147098e+02
    7.5631537062189222e+04    3.9374188264838494e+01
    7.5930807230841485e+04   -1.1639397659905649e+03
    7.6185703601202476e+04   -4.8598616429949709e+02
    7.6335987298773602e+04    1.7212125300033842e+03
    7.6561577851277165e+04    1.5304982784465165e+02
    7.6802472576901520e+04    7.7642879279472220e+02
    7.5676552325013909e+04   -2.3679253336088209e+02
    7.5890050773232491e+04   -1.2026794526429734e+02
    7.5808782522460184e+04   -5.0700085974074182e+02
    7.5943699597537794e+04   -2.1072848944530206e+03
    7.6233095201037184e+04    4.2095726769258897e+02
    7.5808241075693746e+04    1.0353006116620013e+03
    7.5856000872147313e+04    7.8991216604408510e+02
    7.5469177291959306e+04    6.0639538168113859e+02
    7.4397389346074604e+04    2.4397616012580863e+02
    7.5651435377844333e+04    2.9043342832054441e+02
    7.5968410383258597e+04    8.6606693737363094e+02
    7.5854855980430322e+04    1.5957210690923139e+03
    7.6317636858013706e+04    5.8485763417631836e+02
    7.5831495379801170e+04   -8.7484432708536929e+01
    7.6375502548306365e+04    7.6762481933930462e+02
    7.6288168490002034e+04   -7.6480149441590311e+02
    7.6574205597458465e+04    7.5939246016411312e+02
    7.6622662508069436e+04   -1.0232241839387119e+03
    7.6297527759784047e+04   -1.3300211169844761e+03
    7.6190123166146514e+04   -3.3458355875672430e+02
    7.6258857679753797e+04   -2.5664427751682109e+02
    7.5352576545386604e+04    1.1600634929633560e+02
    7.5770450651920284e+04   -3.0827334766119600e+02
    7.5348420790553879e+04   -7.7670219332908664e+02
    7.6043209099317188e+04    2.8240083831578806e+02
    7.5319471952251231e+04   -1.2997070944785523e+03
    7.5770572106728127e+04    5.5556044208296998e+02
    7.6096560362494231e+04    5.2940467256682450e+02
    7.5713461760072591e+04    6.6937300226539207e+01
    7.5660317930019184e+04   -5.4900331947806831e+02
    7.5719559932577191e+04   -1.0495196958109466e+03
    7.5436521615121543e+04    2.0783302633806661e+03
    7.5679726478475204e+04    1.3501843829501017e+03
    7.6215908708633156e+04   -1.1954365289424825e+03
    7.6060496170293132e+04    7.6646822563502610e+02
    7.5255558370832907e+04    1.3337902520443711e+03
    7.6017041590869689e+04   -1.7712307316527273e+02
    7.6265645226797817e+04    8.1139222012298785e+02
    7.5461982160316693e+04   -2.9032479233065237e+02
    7.5459764338414287e+04    3.5700214367411803e+02
    7.5449762649487355e+04    5.7328684615950067e+02
    7.5206875780134113e+04   -9.6703211896948903e+02
    7.5541184078104008e+04    3.4138916832414395e+02
    7.5629181540024976e+04    7.0848210355552430e+02
    7.5008820087220025e+04   -4.7636084310563484e+02
    7.5270831911690751e+04   -9.9592492768878174e+02
    7.5968080318754932e+04    7.3189967847939818e+02
    7.5848168990220904e+04    9.0242983336856992e+02
    7.6002849340238798e+04   -9.0555952106201141e+02
    7.5589547245784808e+04   -1.2135747006097693e+03
    7.5842713164467408e+04   -5.0563140987900823e+02
    7.5370428036449302e+04    1.1239357556124355e+03
    7.6040332778566750e+04   -6.0819877623777779e+02
    7.6626461451874144e+04    1.2624590975367973e+03
    7.6176455322707101e+04   -3.3156710995896458e+02
    7.6371640075645817e+04    7.5211877388587777e+02
    7.6206003947292571e+04    3.4342438964456790e+00
    7.6345128336328635e+04    1.6476972208478526e+02
    7.5885909588165421e+04    1.8464090434903767e+03
    7.5032564197145315e+04    6.7847184038012472e+01
    7.5557752483984979e+04   -4.7947629241235802e+02
    7.5174916499379236e+04   -5.3428062793345021e+02
    7.5917157986508755e+04   -8.6262859205120913e+02
    7.5471537426096475e+04   -2.4728168680987837e+03
    7.5762716506099227e+04   -1.9866784521009436e+02
    7.5327082602826733e+04    9.6609092624203868e+02
    7.5701249536052230e+04    2.5541090867443000e+02
    7.5411025854563268e+04    6.5035360374939376e+02
    7.5309358349131013e+04    2.5625997223954028e+02
    7.6259866517162416e+04   -6.5874842597162012e+02
    7.6051484815887728e+04   -8.0303989194513611e+02
    7.6239932563162089e+04   -7.3513611985878060e+02
    7.6141291146646370e+04   -3.3333422352009927e+02
    7.6247321633430111e+04   -8.3389960684850894e+02
    7.6234505748629192e+04   -2.6894183727218046e+02
    7.5703512743607876e+04    5.7904443302028903e+02
    7.7126358620363244e+04    4.8494107283735406e+02
    7.6498922278847036e+04   -1.1677060305044344e+02
    7.6363284054892225e+04    2.2193755286107539e+03
    7.6035160418508109e+04    5.9858606154328618e+02
    7.5912066112288943e+04   -9.5035704405700835e+02
    7.6352024773858226e+04    9.1909973699602654e+02
    7.5797641378555447e+04   -4.0878400010779802e+02
    7.5115899856902150e+04    4.7381623069808722e+02
    7.5433907704105441e+04   -5.5846235139034297e+02
    7.5521917522518692e+04    9.7161430586841902e+02
    7.5298230540191842e+04   -1.1518441626493541e+01
    7.4478033522473284e+04    1.4799083230430091e+02
    7.5482292432857575e+04    4.0042436866874937e+02
    7.5913106274057034e+04   -3.5414398222436330e+02
    7.6022950078927621e+04    1.1088072496249831e+02
    7.5404938315906984e+04   -1.3282890618896258e+02
    7.5724960893468538e+04   -1.6237928860507637e+02
    7.4606858789379767e+04   -7.7951336026334252e+02
    7.4703016274580266e+04   -8.5105751580034450e+02
    7.4235106809306686e+04    4.4904943874987725e+02
    7.4507806518862490e+04    2.3263540440691662e+02
    7.5388785410891636e+04    5.7729492806858184e+02
    7.5870217475038764e+04   -7.0904880125597606e+02
    7.5832231939660473e+04    8.7346730768146267e+02
    7.5123933877897653e+04   -4.7097463127104140e+02
    7.4589322623528045e+04   -6.6282593534752277e+02
    7.4771399214601639e+04    9.0729850409029837e+02
    7.5130442608349578e+04   -3.1441478889622238e+02
    7.5205697569245036e+04    2.8191408434070058e+02
    7.5057258959853149e+04   -7.4811044819285257e+00
    7.4241597221684526e+04    1.1790234829661927e+03
    7.5562363793543162e+04   -1.9908524566711253e+02
    7.5388609857157135e+04   -3.4023606984038190e+02
    7.5787531398070016e+04   -8.1042223951416048e+01
    7.5353156132440665e+04    3.4082238949368084e+03
    7.5948198566135819e+04    7.1215840395326029e+02
    7.5781481951670343e+04   -6.6506140189847395e+02
    7.5620539745019196e+04    4.9047038580632193e+02
    7.5969837372727081e+04    1.3206291837703329e+03
    7.4707357603902929e+04   -2.4731529937527193e+02
    7.4726188346043302e+04    2.2812346390698031e+02
    7.4465633542615935e+04    1.4542323898417678e+02
    7.5745585121826414e+04   -1.1040087005437326e+03
