    8.1995000000000005e+01
    8.5995000000000005e+01
    8.9995000000000005e+01
    9.3995000000000005e+01
    9.7995000000000005e+01
    1.0199500000000000e+02
    1.0599500000000000e+02
    1.0999500000000000e+02
    1.1399500000000000e+02
    1.1799500000000000e+02
    1.2199500000000000e+02
    1.2599500000000000e+02
    1.2999500000000000e+02
    1.3399500000000000e+02
    1.3799500000000000e+02
    1.4199500000000000e+02
    1.4599500000000000e+02
    1.4999500000000000e+02
    1.5399500000000000e+02
    1.5799500000000000e+02
    1.6199500000000000e+02
    1.6599500000000000e+02
    1.6999500000000000e+02
    1.7399500000000000e+02
    1.7799500000000000e+02
    1.8199500000000000e+02
    1.8599500000000000e+02
    1.8999500000000000e+02
    1.9399500000000000e+02
    1.9799500000000000e+02
    2.0199500000000000e+02
    2.0599500000000000e+02
    2.0999500000000000e+02
    2.1399500000000000e+02
    2.1799500000000000e+02
    2.2199500000000000e+02
    2.2599500000000000e+02
    2.2999500000000000e+02
    2.3399500000000000e+02
    2.3799500000000000e+02
    2.4199500000000000e+02
    2.4599500000000000e+02
    2.4999500000000000e+02
    2.5399500000000000e+02
    2.5799500000000000e+02
    2.6199500000000000e+02
    2.6599500000000000e+02
    2.6999500000000000e+02
    2.7399500000000000e+02
    2.7799500000000000e+02
    2.8199500000000000e+02
    2.8599500000000000e+02
    2.8999500000000000e+02
    2.9399500000000000e+02
    2.9799500000000000e+02
    3.0199500000000000e+02
    3.0599500000000000e+02
    3.0999500000000000e+02
    3.1399500000000000e+02
    3.1799500000000000e+02
    3.2199500000000000e+02
    3.2599500000000000e+02
    3.2999500000000000e+02
    3.3399500000000000e+02
    3.3799500000000000e+02
    3.4199500000000000e+02
    3.4599500000000000e+02
    3.4999500000000000e+02
    3.5399500000000000e+02
    3.5799500000000000e+02
    3.6199500000000000e+02
    3.6599500000000000e+02
    3.6999500000000000e+02
    3.7399500000000000e+02
    3.7799500000000000e+02
    3.8199500000000000e+02
    3.8599500000000000e+02
    3.8999500000000000e+02
    3.9399500000000000e+02
    3.9799500000000000e+02
    4.0199500000000000e+02
    4.0599500000000000e+02
    4.0999500000000000e+02
    4.1399500000000000e+02
    4.1799500000000000e+02
    4.2199500000000000e+02
    4.2599500000000000e+02
    4.2999500000000000e+02
    4.3399500000000000e+02
    4.3799500000000000e+02
    4.4199500000000000e+02
    4.4599500000000000e+02
    4.4999500000000000e+02
    4.5399500000000000e+02
    4.5799500000000000e+02
    4.6199500000000000e+02
    4.6599500000000000e+02
    4.6999500000000000e+02
    4.7399500000000000e+02
    4.7799500000000000e+02
    4.8199500000000000e+02
    4.8599500000000000e+02
    4.8999500000000000e+02
    4.9399500000000000e+02
    4.9799500000000000e+02
    5.0199500000000000e+02
    5.0599500000000000e+02
    5.0999500000000000e+02
    5.1399500000000000e+02
    5.1799500000000000e+02
    5.2199500000000000e+02
    5.2599500000000000e+02
    5.2999500000000000e+02
    5.3399500000000000e+02
    5.3799500000000000e+02
    5.4199500000000000e+02
    5.4599500000000000e+02
    5.4999500000000000e+02
    5.5399500000000000e+02
    5.5799500000000000e+02
    5.6199500000000000e+02
    5.6599500000000000e+02
    5.6999500000000000e+02
    5.7399500000000000e+02
    5.7799500000000000e+02
    5.8199500000000000e+02
    5.8599500000000000e+02
    5.8999500000000000e+02
    5.9399500000000000e+02
    5.9799500000000000e+02
    6.0199500000000000e+02
    6.0599500000000000e+02
    6.0999500000000000e+02
    6.1399500000000000e+02
    6.1799500000000000e+02
    6.2199500000000000e+02
    6.2599500000000000e+02
    6.2999500000000000e+02
    6.3399500000000000e+02
    6.3799500000000000e+02
    6.4199500000000000e+02
    6.4599500000000000e+02
    6.4999500000000000e+02
    6.5399500000000000e+02
    6.5799500000000000e+02
    6.6199500000000000e+02
    6.6599500000000000e+02
    6.6999500000000000e+02
    6.7399500000000000e+02
    6.7799500000000000e+02
    6.8199500000000000e+02
    6.8599500000000000e+02
    6.8999500000000000e+02
    6.9399500000000000e+02
    6.9799500000000000e+02
    7.0199500000000000e+02
    7.0599500000000000e+02
    7.0999500000000000e+02
    7.1399500000000000e+02
    7.1799500000000000e+02
    7.2199500000000000e+02
    7.2599500000000000e+02
    7.2999500000000000e+02
    7.3399500000000000e+02
    7.3799500000000000e+02
    7.4199500000000000e+02
    7.4599500000000000e+02
    7.4999500000000000e+02
    7.5399500000000000e+02
    7.5799500000000000e+02
    7.6199500000000000e+02
    7.6599500000000000e+02
    7.6999500000000000e+02
    7.7399500000000000e+02
    7.7799500000000000e+02
    7.8199500000000000e+02
    7.8599500000000000e+02
    7.8999500000000000e+02
    7.9399500000000000e+02
    7.9799500000000000e+02
    8.0199500000000000e+02
    8.0599500000000000e+02
    8.0999500000000000e+02
    8.1399500000000000e+02
    8.1799500000000000e+02
    8.2199500000000000e+02
    8.2599500000000000e+02
    8.2999500000000000e+02
    8.3399500000000000e+02
    8.3799500000000000e+02
    8.4199500000000000e+02
    8.4599500000000000e+02
    8.4999500000000000e+02
    8.5399500000000000e+02
    8.5799500000000000e+02
    8.6199500000000000e+02
    8.6599500000000000e+02
    8.6999500000000000e+02
    8.7399500000000000e+02
    8.7799500000000000e+02
