  0.000000000000000000e+00   0.000000000000000000e+00 
                         2 
                        56                         14 
 -2.845103619620409103e-03   0.000000000000000000e+00 
  1.523060202598570667e-01   0.000000000000000000e+00 
 -4.739888478070448941e-03   0.000000000000000000e+00 
  2.536507323384283238e-03   0.000000000000000000e+00 
 -3.157255705446004000e-03   0.000000000000000000e+00 
 -4.115997627377513540e-02   0.000000000000000000e+00 
 -1.429353607818483222e-03   0.000000000000000000e+00 
  7.031000219285488996e-03   0.000000000000000000e+00 
 -3.304267767816791539e-03   0.000000000000000000e+00 
 -1.690124976448714299e-03   0.000000000000000000e+00 
  3.789964364841580391e-03   0.000000000000000000e+00 
  3.561171935871243477e-03   0.000000000000000000e+00 
 -2.174966037273406982e-03   0.000000000000000000e+00 
  9.035858092829585075e-04   0.000000000000000000e+00 
 -1.626584213227033615e-03   0.000000000000000000e+00 
 -5.942032439634201742e-04   0.000000000000000000e+00 
 -1.794478739611804485e-03   0.000000000000000000e+00 
  7.433858513832090897e-02   0.000000000000000000e+00 
 -2.011157572269441432e-03   0.000000000000000000e+00 
  9.722604155540464088e-01   0.000000000000000000e+00 
  1.068149227649017917e-03   0.000000000000000000e+00 
 -1.387029886245727366e-02   0.000000000000000000e+00 
 -4.406842868775126716e-03   0.000000000000000000e+00 
  6.822215765714649549e-02   0.000000000000000000e+00 
 -5.523387226276081250e-04   0.000000000000000000e+00 
  6.274176412262039843e-04   0.000000000000000000e+00 
  5.091726197860981049e-04   0.000000000000000000e+00 
  4.653847962617866513e-02   0.000000000000000000e+00 
  0.000000000000000000e+00   0.000000000000000000e+00 
  0.000000000000000000e+00   0.000000000000000000e+00 
  0.000000000000000000e+00   0.000000000000000000e+00 
  0.000000000000000000e+00   0.000000000000000000e+00 
  0.000000000000000000e+00   0.000000000000000000e+00 
  0.000000000000000000e+00   0.000000000000000000e+00 
  0.000000000000000000e+00   0.000000000000000000e+00 
  0.000000000000000000e+00   0.000000000000000000e+00 
  0.000000000000000000e+00   0.000000000000000000e+00 
  0.000000000000000000e+00   0.000000000000000000e+00 
  0.000000000000000000e+00   0.000000000000000000e+00 
  0.000000000000000000e+00   0.000000000000000000e+00 
  0.000000000000000000e+00   0.000000000000000000e+00 
  0.000000000000000000e+00   0.000000000000000000e+00 
  0.000000000000000000e+00   0.000000000000000000e+00 
  0.000000000000000000e+00   0.000000000000000000e+00 
  0.000000000000000000e+00   0.000000000000000000e+00 
  0.000000000000000000e+00   0.000000000000000000e+00 
  0.000000000000000000e+00   0.000000000000000000e+00 
  0.000000000000000000e+00   0.000000000000000000e+00 
  0.000000000000000000e+00   0.000000000000000000e+00 
  0.000000000000000000e+00   0.000000000000000000e+00 
  0.000000000000000000e+00   0.000000000000000000e+00 
  0.000000000000000000e+00   0.000000000000000000e+00 
  0.000000000000000000e+00   0.000000000000000000e+00 
  0.000000000000000000e+00   0.000000000000000000e+00 
  0.000000000000000000e+00   0.000000000000000000e+00 
  0.000000000000000000e+00   0.000000000000000000e+00 
  9.571275115013130885e-02   0.000000000000000000e+00 
 -1.100943773053810696e-03   0.000000000000000000e+00 
  8.271081000566486707e-02   0.000000000000000000e+00 
  3.323646262288094434e-03   0.000000000000000000e+00 
  2.678175456821918054e-03   0.000000000000000000e+00 
  1.887512044049757592e-03   0.000000000000000000e+00 
  1.139600877650082111e-03   0.000000000000000000e+00 
  3.616464673541488974e-04   0.000000000000000000e+00 
 -9.932470321655272050e-02   0.000000000000000000e+00 
 -1.870299456641077995e-03   0.000000000000000000e+00 
 -4.362790379673242569e-03   0.000000000000000000e+00 
  2.832751488313078880e-03   0.000000000000000000e+00 
  2.708413638174533844e-03   0.000000000000000000e+00 
 -1.110498909838497639e-03   0.000000000000000000e+00 
  4.875638522207736969e-03   0.000000000000000000e+00 
 -1.174725242890417576e-03   0.000000000000000000e+00 
 -1.405655522830784538e-03   0.000000000000000000e+00 
  3.256090218201260992e-03   0.000000000000000000e+00 
 -9.470800161361693226e-01   0.000000000000000000e+00 
  1.243152306415139328e-03   0.000000000000000000e+00 
 -3.070158362388610285e-01   0.000000000000000000e+00 
 -8.023089729249477386e-03   0.000000000000000000e+00 
 -1.693953061476347662e-03   0.000000000000000000e+00 
 -3.752191364765172094e-02   0.000000000000000000e+00 
  9.546605870127679652e-03   0.000000000000000000e+00 
  9.796846425160774322e-04   0.000000000000000000e+00 
  5.622429028153421576e-02   0.000000000000000000e+00 
 -2.163442410528657045e-02   0.000000000000000000e+00 
  0.000000000000000000e+00   0.000000000000000000e+00 
  0.000000000000000000e+00   0.000000000000000000e+00 
  0.000000000000000000e+00   0.000000000000000000e+00 
  0.000000000000000000e+00   0.000000000000000000e+00 
  0.000000000000000000e+00   0.000000000000000000e+00 
  0.000000000000000000e+00   0.000000000000000000e+00 
  0.000000000000000000e+00   0.000000000000000000e+00 
  0.000000000000000000e+00   0.000000000000000000e+00 
  0.000000000000000000e+00   0.000000000000000000e+00 
  0.000000000000000000e+00   0.000000000000000000e+00 
  0.000000000000000000e+00   0.000000000000000000e+00 
  0.000000000000000000e+00   0.000000000000000000e+00 
  0.000000000000000000e+00   0.000000000000000000e+00 
  0.000000000000000000e+00   0.000000000000000000e+00 
  0.000000000000000000e+00   0.000000000000000000e+00 
  0.000000000000000000e+00   0.000000000000000000e+00 
  0.000000000000000000e+00   0.000000000000000000e+00 
  0.000000000000000000e+00   0.000000000000000000e+00 
  0.000000000000000000e+00   0.000000000000000000e+00 
  0.000000000000000000e+00   0.000000000000000000e+00 
  0.000000000000000000e+00   0.000000000000000000e+00 
  0.000000000000000000e+00   0.000000000000000000e+00 
  0.000000000000000000e+00   0.000000000000000000e+00 
  0.000000000000000000e+00   0.000000000000000000e+00 
  0.000000000000000000e+00   0.000000000000000000e+00 
  0.000000000000000000e+00   0.000000000000000000e+00 
  0.000000000000000000e+00   0.000000000000000000e+00 
  0.000000000000000000e+00   0.000000000000000000e+00 
 -3.338670823722675752e-03   0.000000000000000000e+00 
  2.240158151835022760e-03   0.000000000000000000e+00 
  7.496624253690223685e-03   0.000000000000000000e+00 
 -4.690091300290099609e-04   0.000000000000000000e+00 
 -5.154760554432868958e-03   0.000000000000000000e+00 
 -5.897149071097362166e-02   0.000000000000000000e+00 
 -3.334966721013187495e-03   0.000000000000000000e+00 
  2.377319382503630465e-03   0.000000000000000000e+00 
  1.252511865459419180e-03   0.000000000000000000e+00 
 -6.166559178382157412e-03   0.000000000000000000e+00 
 -5.369919817894697189e-03   0.000000000000000000e+00 
 -1.550987176597118378e-02   0.000000000000000000e+00 
  1.260093529708683924e-03   0.000000000000000000e+00 
  5.325717851519584656e-03   0.000000000000000000e+00 
 -9.877410484477877617e-04   0.000000000000000000e+00 
  7.676121778786182404e-03   0.000000000000000000e+00 
  2.976329065859317346e-03   0.000000000000000000e+00 
  3.054902143776416432e-02   0.000000000000000000e+00 
  9.595637209713495444e-03   0.000000000000000000e+00 
  8.680446073412945510e-03   0.000000000000000000e+00 
 -6.960950326174501074e-03   0.000000000000000000e+00 
 -8.357233367860317230e-03   0.000000000000000000e+00 
 -9.940093383193012583e-03   0.000000000000000000e+00 
 -6.691100597381591797e-01   0.000000000000000000e+00 
 -9.939928539097305643e-03   0.000000000000000000e+00 
 -3.532630391418932567e-03   0.000000000000000000e+00 
 -2.052222145721355369e-03   0.000000000000000000e+00 
  7.577586770057679333e-01   0.000000000000000000e+00 
  0.000000000000000000e+00   0.000000000000000000e+00 
  0.000000000000000000e+00   0.000000000000000000e+00 
  0.000000000000000000e+00   0.000000000000000000e+00 
  0.000000000000000000e+00   0.000000000000000000e+00 
  0.000000000000000000e+00   0.000000000000000000e+00 
  0.000000000000000000e+00   0.000000000000000000e+00 
  0.000000000000000000e+00   0.000000000000000000e+00 
  0.000000000000000000e+00   0.000000000000000000e+00 
  0.000000000000000000e+00   0.000000000000000000e+00 
  0.000000000000000000e+00   0.000000000000000000e+00 
  0.000000000000000000e+00   0.000000000000000000e+00 
  0.000000000000000000e+00   0.000000000000000000e+00 
  0.000000000000000000e+00   0.000000000000000000e+00 
  0.000000000000000000e+00   0.000000000000000000e+00 
  0.000000000000000000e+00   0.000000000000000000e+00 
  0.000000000000000000e+00   0.000000000000000000e+00 
  0.000000000000000000e+00   0.000000000000000000e+00 
  0.000000000000000000e+00   0.000000000000000000e+00 
  0.000000000000000000e+00   0.000000000000000000e+00 
  0.000000000000000000e+00   0.000000000000000000e+00 
  0.000000000000000000e+00   0.000000000000000000e+00 
  0.000000000000000000e+00   0.000000000000000000e+00 
  0.000000000000000000e+00   0.000000000000000000e+00 
  0.000000000000000000e+00   0.000000000000000000e+00 
  0.000000000000000000e+00   0.000000000000000000e+00 
  0.000000000000000000e+00   0.000000000000000000e+00 
  0.000000000000000000e+00   0.000000000000000000e+00 
  0.000000000000000000e+00   0.000000000000000000e+00 
 -2.782569453120235445e-02   0.000000000000000000e+00 
  3.014210378751312237e-03   0.000000000000000000e+00 
  5.404154956340772448e-02   0.000000000000000000e+00 
  2.739494200795891069e-03   0.000000000000000000e+00 
  1.130599295720454778e-03   0.000000000000000000e+00 
  1.435103267431281013e-02   0.000000000000000000e+00 
  1.295942626893520529e-02   0.000000000000000000e+00 
 -1.447805669158696911e-03   0.000000000000000000e+00 
 -3.665298223495483398e-02   0.000000000000000000e+00 
  3.544215811416505466e-03   0.000000000000000000e+00 
  8.848387515172348233e-04   0.000000000000000000e+00 
 -6.266143755055960740e-04   0.000000000000000000e+00 
 -4.089781083166599274e-03   0.000000000000000000e+00 
 -2.349175512790679932e-03   0.000000000000000000e+00 
 -1.179840788245201111e-02   0.000000000000000000e+00 
 -4.051387775689363480e-03   0.000000000000000000e+00 
 -1.119483169168233871e-02   0.000000000000000000e+00 
 -1.254388783127071902e-02   0.000000000000000000e+00 
 -1.404318362474441251e-01   0.000000000000000000e+00 
  6.482583470642540660e-03   0.000000000000000000e+00 
  2.231008708477020264e-01   0.000000000000000000e+00 
  9.411988779902454721e-03   0.000000000000000000e+00 
  8.404348976910114288e-03   0.000000000000000000e+00 
 -2.227018587291233753e-02   0.000000000000000000e+00 
  2.873753011226653706e-02   0.000000000000000000e+00 
  1.386006735265254801e-02   0.000000000000000000e+00 
 -9.361261129379274681e-01   0.000000000000000000e+00 
 -1.325691025704153758e-02   0.000000000000000000e+00 
  0.000000000000000000e+00   0.000000000000000000e+00 
  0.000000000000000000e+00   0.000000000000000000e+00 
  0.000000000000000000e+00   0.000000000000000000e+00 
  0.000000000000000000e+00   0.000000000000000000e+00 
  0.000000000000000000e+00   0.000000000000000000e+00 
  0.000000000000000000e+00   0.000000000000000000e+00 
  0.000000000000000000e+00   0.000000000000000000e+00 
  0.000000000000000000e+00   0.000000000000000000e+00 
  0.000000000000000000e+00   0.000000000000000000e+00 
  0.000000000000000000e+00   0.000000000000000000e+00 
  0.000000000000000000e+00   0.000000000000000000e+00 
  0.000000000000000000e+00   0.000000000000000000e+00 
  0.000000000000000000e+00   0.000000000000000000e+00 
  0.000000000000000000e+00   0.000000000000000000e+00 
  0.000000000000000000e+00   0.000000000000000000e+00 
  0.000000000000000000e+00   0.000000000000000000e+00 
  0.000000000000000000e+00   0.000000000000000000e+00 
  0.000000000000000000e+00   0.000000000000000000e+00 
  0.000000000000000000e+00   0.000000000000000000e+00 
  0.000000000000000000e+00   0.000000000000000000e+00 
  0.000000000000000000e+00   0.000000000000000000e+00 
  0.000000000000000000e+00   0.000000000000000000e+00 
  0.000000000000000000e+00   0.000000000000000000e+00 
  0.000000000000000000e+00   0.000000000000000000e+00 
  0.000000000000000000e+00   0.000000000000000000e+00 
  0.000000000000000000e+00   0.000000000000000000e+00 
  0.000000000000000000e+00   0.000000000000000000e+00 
  0.000000000000000000e+00   0.000000000000000000e+00 
  3.242005826905620426e-03   0.000000000000000000e+00 
  6.126821972429704645e-03   0.000000000000000000e+00 
 -6.987407803535514335e-03   0.000000000000000000e+00 
  7.794742705300498030e-04   0.000000000000000000e+00 
  2.463752869516606329e-03   0.000000000000000000e+00 
  1.344720572233200906e-01   0.000000000000000000e+00 
 -4.898205865174537141e-03   0.000000000000000000e+00 
 -4.114413633942601463e-03   0.000000000000000000e+00 
  5.515514314174648630e-02   0.000000000000000000e+00 
 -2.661796752363442507e-03   0.000000000000000000e+00 
 -1.285288017243146896e-02   0.000000000000000000e+00 
 -2.353502670302987099e-03   0.000000000000000000e+00 
 -3.530991729348897067e-03   0.000000000000000000e+00 
  9.409736841917037964e-03   0.000000000000000000e+00 
 -6.378915277309715748e-04   0.000000000000000000e+00 
 -5.285859107971191406e-03   0.000000000000000000e+00 
  4.490972787607433025e-04   0.000000000000000000e+00 
 -7.099766284227367052e-02   0.000000000000000000e+00 
  1.459479629993438166e-01   0.000000000000000000e+00 
  7.794624567031863127e-02   0.000000000000000000e+00 
 -1.601423025131225031e-01   0.000000000000000000e+00 
 -2.816313318908213875e-02   0.000000000000000000e+00 
 -4.201075434684752724e-02   0.000000000000000000e+00 
 -6.556397080421447754e-01   0.000000000000000000e+00 
  2.694646455347539035e-02   0.000000000000000000e+00 
 -7.512594759464263916e-02   0.000000000000000000e+00 
 -1.684484630823136764e-01   0.000000000000000000e+00 
 -5.920302867889403187e-01   0.000000000000000000e+00 
  0.000000000000000000e+00   0.000000000000000000e+00 
  0.000000000000000000e+00   0.000000000000000000e+00 
  0.000000000000000000e+00   0.000000000000000000e+00 
  0.000000000000000000e+00   0.000000000000000000e+00 
  0.000000000000000000e+00   0.000000000000000000e+00 
  0.000000000000000000e+00   0.000000000000000000e+00 
  0.000000000000000000e+00   0.000000000000000000e+00 
  0.000000000000000000e+00   0.000000000000000000e+00 
  0.000000000000000000e+00   0.000000000000000000e+00 
  0.000000000000000000e+00   0.000000000000000000e+00 
  0.000000000000000000e+00   0.000000000000000000e+00 
  0.000000000000000000e+00   0.000000000000000000e+00 
  0.000000000000000000e+00   0.000000000000000000e+00 
  0.000000000000000000e+00   0.000000000000000000e+00 
  0.000000000000000000e+00   0.000000000000000000e+00 
  0.000000000000000000e+00   0.000000000000000000e+00 
  0.000000000000000000e+00   0.000000000000000000e+00 
  0.000000000000000000e+00   0.000000000000000000e+00 
  0.000000000000000000e+00   0.000000000000000000e+00 
  0.000000000000000000e+00   0.000000000000000000e+00 
  0.000000000000000000e+00   0.000000000000000000e+00 
  0.000000000000000000e+00   0.000000000000000000e+00 
  0.000000000000000000e+00   0.000000000000000000e+00 
  0.000000000000000000e+00   0.000000000000000000e+00 
  0.000000000000000000e+00   0.000000000000000000e+00 
  0.000000000000000000e+00   0.000000000000000000e+00 
  0.000000000000000000e+00   0.000000000000000000e+00 
  0.000000000000000000e+00   0.000000000000000000e+00 
 -1.592816668562615145e-03   0.000000000000000000e+00 
  6.537020090036214535e-04   0.000000000000000000e+00 
  2.863912610337142513e-03   0.000000000000000000e+00 
  1.292822603136310929e-02   0.000000000000000000e+00 
  4.289171844720842536e-02   0.000000000000000000e+00 
 -6.754052359610802914e-03   0.000000000000000000e+00 
 -1.337628513574601052e-01   0.000000000000000000e+00 
 -4.447082057595258542e-02   0.000000000000000000e+00 
 -1.850810018368062755e-03   0.000000000000000000e+00 
  4.357693716883658669e-02   0.000000000000000000e+00 
 -4.539967700839041276e-02   0.000000000000000000e+00 
  4.351291339844465256e-03   0.000000000000000000e+00 
 -3.332088887691497803e-02   0.000000000000000000e+00 
  1.541092246770858765e-02   0.000000000000000000e+00 
  1.692789257504045963e-03   0.000000000000000000e+00 
  9.262144565582275391e-02   0.000000000000000000e+00 
  9.122508764266966386e-02   0.000000000000000000e+00 
  2.229715755674960113e-04   0.000000000000000000e+00 
  1.721142441965640242e-03   0.000000000000000000e+00 
 -3.143279254436492920e-02   0.000000000000000000e+00 
  1.314363256096839037e-02   0.000000000000000000e+00 
 -1.826854348182677668e-01   0.000000000000000000e+00 
  9.523584693670267276e-02   0.000000000000000000e+00 
  6.856713443994522095e-02   0.000000000000000000e+00 
  1.307917386293410977e-01   0.000000000000000000e+00 
 -8.427997231483459473e-01   0.000000000000000000e+00 
  1.685448363423348514e-02   0.000000000000000000e+00 
  3.727461397647856972e-02   0.000000000000000000e+00 
  0.000000000000000000e+00   0.000000000000000000e+00 
  0.000000000000000000e+00   0.000000000000000000e+00 
  0.000000000000000000e+00   0.000000000000000000e+00 
  0.000000000000000000e+00   0.000000000000000000e+00 
  0.000000000000000000e+00   0.000000000000000000e+00 
  0.000000000000000000e+00   0.000000000000000000e+00 
  0.000000000000000000e+00   0.000000000000000000e+00 
  0.000000000000000000e+00   0.000000000000000000e+00 
  0.000000000000000000e+00   0.000000000000000000e+00 
  0.000000000000000000e+00   0.000000000000000000e+00 
  0.000000000000000000e+00   0.000000000000000000e+00 
  0.000000000000000000e+00   0.000000000000000000e+00 
  0.000000000000000000e+00   0.000000000000000000e+00 
  0.000000000000000000e+00   0.000000000000000000e+00 
  0.000000000000000000e+00   0.000000000000000000e+00 
  0.000000000000000000e+00   0.000000000000000000e+00 
  0.000000000000000000e+00   0.000000000000000000e+00 
  0.000000000000000000e+00   0.000000000000000000e+00 
  0.000000000000000000e+00   0.000000000000000000e+00 
  0.000000000000000000e+00   0.000000000000000000e+00 
  0.000000000000000000e+00   0.000000000000000000e+00 
  0.000000000000000000e+00   0.000000000000000000e+00 
  0.000000000000000000e+00   0.000000000000000000e+00 
  0.000000000000000000e+00   0.000000000000000000e+00 
  0.000000000000000000e+00   0.000000000000000000e+00 
  0.000000000000000000e+00   0.000000000000000000e+00 
  0.000000000000000000e+00   0.000000000000000000e+00 
  0.000000000000000000e+00   0.000000000000000000e+00 
 -2.704954706132449687e-03   0.000000000000000000e+00 
 -5.068123806267960281e-03   0.000000000000000000e+00 
  3.858105512335900829e-03   0.000000000000000000e+00 
 -5.576824769377665934e-03   0.000000000000000000e+00 
  4.364063497632609222e-03   0.000000000000000000e+00 
 -2.870499342679978805e-02   0.000000000000000000e+00 
 -3.286538645625114441e-02   0.000000000000000000e+00 
 -9.022552520036693224e-02   0.000000000000000000e+00 
 -1.211160980165004210e-02   0.000000000000000000e+00 
 -6.378652178682524569e-04   0.000000000000000000e+00 
  3.316662914585276063e-04   0.000000000000000000e+00 
  4.670683760195970535e-03   0.000000000000000000e+00 
 -1.559027284383773804e-02   0.000000000000000000e+00 
  9.073062799870967865e-03   0.000000000000000000e+00 
 -1.078734276234172285e-04   0.000000000000000000e+00 
  5.361801758408545754e-02   0.000000000000000000e+00 
  1.826000981964164428e-03   0.000000000000000000e+00 
  9.900379925966255878e-03   0.000000000000000000e+00 
 -1.596024632453917763e-02   0.000000000000000000e+00 
 -4.544899612665176392e-02   0.000000000000000000e+00 
  1.170166116207837018e-02   0.000000000000000000e+00 
 -2.037643827497964688e-02   0.000000000000000000e+00 
 -3.233231902122496448e-01   0.000000000000000000e+00 
  1.224192380905151367e-01   0.000000000000000000e+00 
  6.952043771743775524e-01   0.000000000000000000e+00 
 -6.031122058630039931e-03   0.000000000000000000e+00 
  9.415466338396094939e-03   0.000000000000000000e+00 
  1.047413200139999251e-01   0.000000000000000000e+00 
  0.000000000000000000e+00   0.000000000000000000e+00 
  0.000000000000000000e+00   0.000000000000000000e+00 
  0.000000000000000000e+00   0.000000000000000000e+00 
  0.000000000000000000e+00   0.000000000000000000e+00 
  0.000000000000000000e+00   0.000000000000000000e+00 
  0.000000000000000000e+00   0.000000000000000000e+00 
  0.000000000000000000e+00   0.000000000000000000e+00 
  0.000000000000000000e+00   0.000000000000000000e+00 
  0.000000000000000000e+00   0.000000000000000000e+00 
  0.000000000000000000e+00   0.000000000000000000e+00 
  0.000000000000000000e+00   0.000000000000000000e+00 
  0.000000000000000000e+00   0.000000000000000000e+00 
  0.000000000000000000e+00   0.000000000000000000e+00 
  0.000000000000000000e+00   0.000000000000000000e+00 
  0.000000000000000000e+00   0.000000000000000000e+00 
  0.000000000000000000e+00   0.000000000000000000e+00 
  0.000000000000000000e+00   0.000000000000000000e+00 
  0.000000000000000000e+00   0.000000000000000000e+00 
  0.000000000000000000e+00   0.000000000000000000e+00 
  0.000000000000000000e+00   0.000000000000000000e+00 
  0.000000000000000000e+00   0.000000000000000000e+00 
  0.000000000000000000e+00   0.000000000000000000e+00 
  0.000000000000000000e+00   0.000000000000000000e+00 
  0.000000000000000000e+00   0.000000000000000000e+00 
  0.000000000000000000e+00   0.000000000000000000e+00 
  0.000000000000000000e+00   0.000000000000000000e+00 
  0.000000000000000000e+00   0.000000000000000000e+00 
  0.000000000000000000e+00   0.000000000000000000e+00 
  0.000000000000000000e+00   0.000000000000000000e+00 
  0.000000000000000000e+00   0.000000000000000000e+00 
  0.000000000000000000e+00   0.000000000000000000e+00 
  0.000000000000000000e+00   0.000000000000000000e+00 
  0.000000000000000000e+00   0.000000000000000000e+00 
  0.000000000000000000e+00   0.000000000000000000e+00 
  0.000000000000000000e+00   0.000000000000000000e+00 
  0.000000000000000000e+00   0.000000000000000000e+00 
  0.000000000000000000e+00   0.000000000000000000e+00 
  0.000000000000000000e+00   0.000000000000000000e+00 
  0.000000000000000000e+00   0.000000000000000000e+00 
  0.000000000000000000e+00   0.000000000000000000e+00 
  0.000000000000000000e+00   0.000000000000000000e+00 
  0.000000000000000000e+00   0.000000000000000000e+00 
  0.000000000000000000e+00   0.000000000000000000e+00 
  0.000000000000000000e+00   0.000000000000000000e+00 
  0.000000000000000000e+00   0.000000000000000000e+00 
  0.000000000000000000e+00   0.000000000000000000e+00 
  0.000000000000000000e+00   0.000000000000000000e+00 
  0.000000000000000000e+00   0.000000000000000000e+00 
  0.000000000000000000e+00   0.000000000000000000e+00 
  0.000000000000000000e+00   0.000000000000000000e+00 
  0.000000000000000000e+00   0.000000000000000000e+00 
  0.000000000000000000e+00   0.000000000000000000e+00 
  0.000000000000000000e+00   0.000000000000000000e+00 
  0.000000000000000000e+00   0.000000000000000000e+00 
  0.000000000000000000e+00   0.000000000000000000e+00 
  0.000000000000000000e+00   0.000000000000000000e+00 
 -1.432589953765467166e-03   0.000000000000000000e+00 
  1.654487252235411487e-01   0.000000000000000000e+00 
 -3.389128949493120345e-03   0.000000000000000000e+00 
  4.185163415968417254e-03   0.000000000000000000e+00 
 -2.942424500361082770e-03   0.000000000000000000e+00 
 -5.955512821674350393e-02   0.000000000000000000e+00 
 -5.198488011956214905e-03   0.000000000000000000e+00 
  6.649747490882871800e-03   0.000000000000000000e+00 
  6.697120610624543099e-03   0.000000000000000000e+00 
 -1.953236525878309770e-03   0.000000000000000000e+00 
  3.918846603482961655e-03   0.000000000000000000e+00 
 -2.261752961203455925e-03   0.000000000000000000e+00 
  4.992265254259109497e-03   0.000000000000000000e+00 
 -1.717547653242945671e-03   0.000000000000000000e+00 
 -2.389438304817304015e-04   0.000000000000000000e+00 
 -2.108001615852117538e-03   0.000000000000000000e+00 
 -1.289449050091206811e-03   0.000000000000000000e+00 
  1.111398041248321394e-01   0.000000000000000000e+00 
 -4.700324032455685357e-03   0.000000000000000000e+00 
  9.655553102493283912e-01   0.000000000000000000e+00 
  1.492109498940454634e-03   0.000000000000000000e+00 
 -4.148417152464388934e-03   0.000000000000000000e+00 
  5.356413312256335345e-03   0.000000000000000000e+00 
  3.617210313677791944e-02   0.000000000000000000e+00 
 -4.774190019816161937e-03   0.000000000000000000e+00 
 -3.171551972627639337e-03   0.000000000000000000e+00 
  2.251357072964290697e-03   0.000000000000000000e+00 
  8.539439179003167554e-03   0.000000000000000000e+00 
  0.000000000000000000e+00   0.000000000000000000e+00 
  0.000000000000000000e+00   0.000000000000000000e+00 
  0.000000000000000000e+00   0.000000000000000000e+00 
  0.000000000000000000e+00   0.000000000000000000e+00 
  0.000000000000000000e+00   0.000000000000000000e+00 
  0.000000000000000000e+00   0.000000000000000000e+00 
  0.000000000000000000e+00   0.000000000000000000e+00 
  0.000000000000000000e+00   0.000000000000000000e+00 
  0.000000000000000000e+00   0.000000000000000000e+00 
  0.000000000000000000e+00   0.000000000000000000e+00 
  0.000000000000000000e+00   0.000000000000000000e+00 
  0.000000000000000000e+00   0.000000000000000000e+00 
  0.000000000000000000e+00   0.000000000000000000e+00 
  0.000000000000000000e+00   0.000000000000000000e+00 
  0.000000000000000000e+00   0.000000000000000000e+00 
  0.000000000000000000e+00   0.000000000000000000e+00 
  0.000000000000000000e+00   0.000000000000000000e+00 
  0.000000000000000000e+00   0.000000000000000000e+00 
  0.000000000000000000e+00   0.000000000000000000e+00 
  0.000000000000000000e+00   0.000000000000000000e+00 
  0.000000000000000000e+00   0.000000000000000000e+00 
  0.000000000000000000e+00   0.000000000000000000e+00 
  0.000000000000000000e+00   0.000000000000000000e+00 
  0.000000000000000000e+00   0.000000000000000000e+00 
  0.000000000000000000e+00   0.000000000000000000e+00 
  0.000000000000000000e+00   0.000000000000000000e+00 
  0.000000000000000000e+00   0.000000000000000000e+00 
  0.000000000000000000e+00   0.000000000000000000e+00 
  7.518956810235981336e-02   0.000000000000000000e+00 
 -5.491217598319267021e-03   0.000000000000000000e+00 
  1.287467181682586947e-01   0.000000000000000000e+00 
  3.283837111666798592e-03   0.000000000000000000e+00 
  3.331466810777785562e-03   0.000000000000000000e+00 
 -4.731055814772895489e-03   0.000000000000000000e+00 
  2.227393910288811164e-03   0.000000000000000000e+00 
  2.261320361867545734e-03   0.000000000000000000e+00 
 -1.022704467177390913e-01   0.000000000000000000e+00 
 -2.185317920520901680e-03   0.000000000000000000e+00 
  2.589643467217684226e-03   0.000000000000000000e+00 
  3.102429909631610459e-04   0.000000000000000000e+00 
 -1.513366121798753955e-03   0.000000000000000000e+00 
 -1.651758793741464615e-03   0.000000000000000000e+00 
 -1.849702908657491207e-03   0.000000000000000000e+00 
  1.024570036679506302e-02   0.000000000000000000e+00 
  2.878223545849323706e-03   0.000000000000000000e+00 
 -2.578292973339578898e-03   0.000000000000000000e+00 
 -9.456845521926878773e-01   0.000000000000000000e+00 
  1.802901388145979099e-03   0.000000000000000000e+00 
 -3.064688444137572687e-01   0.000000000000000000e+00 
 -6.025701761245726672e-03   0.000000000000000000e+00 
  5.934937857091426849e-03   0.000000000000000000e+00 
  1.985207945108407798e-02   0.000000000000000000e+00 
 -2.371054142713547620e-03   0.000000000000000000e+00 
  3.538912395015360226e-03   0.000000000000000000e+00 
  5.872720852494242583e-02   0.000000000000000000e+00 
  1.047412212938071338e-02   0.000000000000000000e+00 
  0.000000000000000000e+00   0.000000000000000000e+00 
  0.000000000000000000e+00   0.000000000000000000e+00 
  0.000000000000000000e+00   0.000000000000000000e+00 
  0.000000000000000000e+00   0.000000000000000000e+00 
  0.000000000000000000e+00   0.000000000000000000e+00 
  0.000000000000000000e+00   0.000000000000000000e+00 
  0.000000000000000000e+00   0.000000000000000000e+00 
  0.000000000000000000e+00   0.000000000000000000e+00 
  0.000000000000000000e+00   0.000000000000000000e+00 
  0.000000000000000000e+00   0.000000000000000000e+00 
  0.000000000000000000e+00   0.000000000000000000e+00 
  0.000000000000000000e+00   0.000000000000000000e+00 
  0.000000000000000000e+00   0.000000000000000000e+00 
  0.000000000000000000e+00   0.000000000000000000e+00 
  0.000000000000000000e+00   0.000000000000000000e+00 
  0.000000000000000000e+00   0.000000000000000000e+00 
  0.000000000000000000e+00   0.000000000000000000e+00 
  0.000000000000000000e+00   0.000000000000000000e+00 
  0.000000000000000000e+00   0.000000000000000000e+00 
  0.000000000000000000e+00   0.000000000000000000e+00 
  0.000000000000000000e+00   0.000000000000000000e+00 
  0.000000000000000000e+00   0.000000000000000000e+00 
  0.000000000000000000e+00   0.000000000000000000e+00 
  0.000000000000000000e+00   0.000000000000000000e+00 
  0.000000000000000000e+00   0.000000000000000000e+00 
  0.000000000000000000e+00   0.000000000000000000e+00 
  0.000000000000000000e+00   0.000000000000000000e+00 
  0.000000000000000000e+00   0.000000000000000000e+00 
 -9.758180938660687351e-03   0.000000000000000000e+00 
  5.502181593328532225e-03   0.000000000000000000e+00 
  6.506536010417701525e-05   0.000000000000000000e+00 
  3.536892822012302658e-03   0.000000000000000000e+00 
 -1.175941806286573237e-02   0.000000000000000000e+00 
 -6.052263081073749190e-02   0.000000000000000000e+00 
 -2.269175369292498069e-03   0.000000000000000000e+00 
 -1.028256141580641270e-03   0.000000000000000000e+00 
 -2.946123713627422491e-03   0.000000000000000000e+00 
 -1.015942660160362937e-03   0.000000000000000000e+00 
 -5.062561947852372256e-03   0.000000000000000000e+00 
  4.790641367435455322e-03   0.000000000000000000e+00 
 -6.560960318893193331e-03   0.000000000000000000e+00 
  6.473372224718332291e-03   0.000000000000000000e+00 
  2.990899840369820595e-03   0.000000000000000000e+00 
  3.705489914864301248e-03   0.000000000000000000e+00 
  6.959387566894292831e-03   0.000000000000000000e+00 
  2.013236097991466522e-02   0.000000000000000000e+00 
  1.914848573505881918e-02   0.000000000000000000e+00 
  1.518563460558658082e-02   0.000000000000000000e+00 
 -2.171378955245018005e-02   0.000000000000000000e+00 
  2.230628579854965210e-02   0.000000000000000000e+00 
 -1.158380764536562184e-03   0.000000000000000000e+00 
 -6.917396783828735352e-01   0.000000000000000000e+00 
 -7.787512149661782873e-03   0.000000000000000000e+00 
  1.253694854676723133e-02   0.000000000000000000e+00 
 -2.205072343349461297e-02   0.000000000000000000e+00 
  7.318338751792908825e-01   0.000000000000000000e+00 
  0.000000000000000000e+00   0.000000000000000000e+00 
  0.000000000000000000e+00   0.000000000000000000e+00 
  0.000000000000000000e+00   0.000000000000000000e+00 
  0.000000000000000000e+00   0.000000000000000000e+00 
  0.000000000000000000e+00   0.000000000000000000e+00 
  0.000000000000000000e+00   0.000000000000000000e+00 
  0.000000000000000000e+00   0.000000000000000000e+00 
  0.000000000000000000e+00   0.000000000000000000e+00 
  0.000000000000000000e+00   0.000000000000000000e+00 
  0.000000000000000000e+00   0.000000000000000000e+00 
  0.000000000000000000e+00   0.000000000000000000e+00 
  0.000000000000000000e+00   0.000000000000000000e+00 
  0.000000000000000000e+00   0.000000000000000000e+00 
  0.000000000000000000e+00   0.000000000000000000e+00 
  0.000000000000000000e+00   0.000000000000000000e+00 
  0.000000000000000000e+00   0.000000000000000000e+00 
  0.000000000000000000e+00   0.000000000000000000e+00 
  0.000000000000000000e+00   0.000000000000000000e+00 
  0.000000000000000000e+00   0.000000000000000000e+00 
  0.000000000000000000e+00   0.000000000000000000e+00 
  0.000000000000000000e+00   0.000000000000000000e+00 
  0.000000000000000000e+00   0.000000000000000000e+00 
  0.000000000000000000e+00   0.000000000000000000e+00 
  0.000000000000000000e+00   0.000000000000000000e+00 
  0.000000000000000000e+00   0.000000000000000000e+00 
  0.000000000000000000e+00   0.000000000000000000e+00 
  0.000000000000000000e+00   0.000000000000000000e+00 
  0.000000000000000000e+00   0.000000000000000000e+00 
 -2.069534175097946169e-02   0.000000000000000000e+00 
 -9.729515761136843868e-03   0.000000000000000000e+00 
  8.095028251409511211e-02   0.000000000000000000e+00 
  2.345429034903644214e-03   0.000000000000000000e+00 
 -2.242730697616937378e-03   0.000000000000000000e+00 
  4.666565917432519833e-03   0.000000000000000000e+00 
  8.936359547078609467e-03   0.000000000000000000e+00 
 -1.212282921187578331e-03   0.000000000000000000e+00 
 -4.218383133411407471e-02   0.000000000000000000e+00 
  1.910595572553574822e-03   0.000000000000000000e+00 
  4.155283328145741549e-03   0.000000000000000000e+00 
  8.991164504550396312e-04   0.000000000000000000e+00 
 -5.324122961610555649e-03   0.000000000000000000e+00 
  2.834415528923273087e-03   0.000000000000000000e+00 
  6.257581524550914764e-03   0.000000000000000000e+00 
 -5.933689884841442108e-03   0.000000000000000000e+00 
 -1.006684452295303345e-02   0.000000000000000000e+00 
 -7.113394793123030239e-03   0.000000000000000000e+00 
 -1.004423052072524886e-01   0.000000000000000000e+00 
  1.167069561779496452e-02   0.000000000000000000e+00 
  1.888939440250396729e-01   0.000000000000000000e+00 
  2.007089927792549133e-02   0.000000000000000000e+00 
 -2.919137943536043167e-03   0.000000000000000000e+00 
 -9.610264562070305536e-03   0.000000000000000000e+00 
  4.276469349861143285e-03   0.000000000000000000e+00 
  2.128897979855537068e-02   0.000000000000000000e+00 
 -9.662042260169985131e-01   0.000000000000000000e+00 
 -6.578729022294380925e-03   0.000000000000000000e+00 
  0.000000000000000000e+00   0.000000000000000000e+00 
  0.000000000000000000e+00   0.000000000000000000e+00 
  0.000000000000000000e+00   0.000000000000000000e+00 
  0.000000000000000000e+00   0.000000000000000000e+00 
  0.000000000000000000e+00   0.000000000000000000e+00 
  0.000000000000000000e+00   0.000000000000000000e+00 
  0.000000000000000000e+00   0.000000000000000000e+00 
  0.000000000000000000e+00   0.000000000000000000e+00 
  0.000000000000000000e+00   0.000000000000000000e+00 
  0.000000000000000000e+00   0.000000000000000000e+00 
  0.000000000000000000e+00   0.000000000000000000e+00 
  0.000000000000000000e+00   0.000000000000000000e+00 
  0.000000000000000000e+00   0.000000000000000000e+00 
  0.000000000000000000e+00   0.000000000000000000e+00 
  0.000000000000000000e+00   0.000000000000000000e+00 
  0.000000000000000000e+00   0.000000000000000000e+00 
  0.000000000000000000e+00   0.000000000000000000e+00 
  0.000000000000000000e+00   0.000000000000000000e+00 
  0.000000000000000000e+00   0.000000000000000000e+00 
  0.000000000000000000e+00   0.000000000000000000e+00 
  0.000000000000000000e+00   0.000000000000000000e+00 
  0.000000000000000000e+00   0.000000000000000000e+00 
  0.000000000000000000e+00   0.000000000000000000e+00 
  0.000000000000000000e+00   0.000000000000000000e+00 
  0.000000000000000000e+00   0.000000000000000000e+00 
  0.000000000000000000e+00   0.000000000000000000e+00 
  0.000000000000000000e+00   0.000000000000000000e+00 
  0.000000000000000000e+00   0.000000000000000000e+00 
  8.281799964606944078e-03   0.000000000000000000e+00 
 -3.128390060737831855e-03   0.000000000000000000e+00 
  2.316283434629442042e-02   0.000000000000000000e+00 
 -2.870112191885718870e-03   0.000000000000000000e+00 
 -3.326979000121360261e-03   0.000000000000000000e+00 
  1.372908502817154763e-01   0.000000000000000000e+00 
  1.965480111539364208e-02   0.000000000000000000e+00 
 -2.940817503258579425e-03   0.000000000000000000e+00 
 -8.235041052103045378e-02   0.000000000000000000e+00 
 -1.051341998390851670e-03   0.000000000000000000e+00 
  5.256139673292635137e-03   0.000000000000000000e+00 
  9.117040783166885376e-03   0.000000000000000000e+00 
  2.733916742727160020e-03   0.000000000000000000e+00 
 -3.177780425176024437e-03   0.000000000000000000e+00 
  9.999963222071528435e-04   0.000000000000000000e+00 
 -1.350080501288175583e-02   0.000000000000000000e+00 
 -1.838620938360691071e-02   0.000000000000000000e+00 
 -6.037036702036856217e-02   0.000000000000000000e+00 
 -1.334925740957260132e-01   0.000000000000000000e+00 
  6.640058755874633789e-02   0.000000000000000000e+00 
  1.608222126960754117e-01   0.000000000000000000e+00 
  2.921596169471740376e-02   0.000000000000000000e+00 
 -4.269318282604216835e-02   0.000000000000000000e+00 
 -6.626583337783813477e-01   0.000000000000000000e+00 
 -1.749260164797305714e-02   0.000000000000000000e+00 
  3.286341950297355652e-02   0.000000000000000000e+00 
  1.659932881593703391e-01   0.000000000000000000e+00 
 -5.933315157890318714e-01   0.000000000000000000e+00 
  0.000000000000000000e+00   0.000000000000000000e+00 
  0.000000000000000000e+00   0.000000000000000000e+00 
  0.000000000000000000e+00   0.000000000000000000e+00 
  0.000000000000000000e+00   0.000000000000000000e+00 
  0.000000000000000000e+00   0.000000000000000000e+00 
  0.000000000000000000e+00   0.000000000000000000e+00 
  0.000000000000000000e+00   0.000000000000000000e+00 
  0.000000000000000000e+00   0.000000000000000000e+00 
  0.000000000000000000e+00   0.000000000000000000e+00 
  0.000000000000000000e+00   0.000000000000000000e+00 
  0.000000000000000000e+00   0.000000000000000000e+00 
  0.000000000000000000e+00   0.000000000000000000e+00 
  0.000000000000000000e+00   0.000000000000000000e+00 
  0.000000000000000000e+00   0.000000000000000000e+00 
  0.000000000000000000e+00   0.000000000000000000e+00 
  0.000000000000000000e+00   0.000000000000000000e+00 
  0.000000000000000000e+00   0.000000000000000000e+00 
  0.000000000000000000e+00   0.000000000000000000e+00 
  0.000000000000000000e+00   0.000000000000000000e+00 
  0.000000000000000000e+00   0.000000000000000000e+00 
  0.000000000000000000e+00   0.000000000000000000e+00 
  0.000000000000000000e+00   0.000000000000000000e+00 
  0.000000000000000000e+00   0.000000000000000000e+00 
  0.000000000000000000e+00   0.000000000000000000e+00 
  0.000000000000000000e+00   0.000000000000000000e+00 
  0.000000000000000000e+00   0.000000000000000000e+00 
  0.000000000000000000e+00   0.000000000000000000e+00 
  0.000000000000000000e+00   0.000000000000000000e+00 
  2.395178657025088826e-03   0.000000000000000000e+00 
  9.873381815850732976e-03   0.000000000000000000e+00 
  1.126758754253387972e-02   0.000000000000000000e+00 
  3.663773462176332651e-02   0.000000000000000000e+00 
 -3.017888404428960281e-02   0.000000000000000000e+00 
  7.639198098331688100e-03   0.000000000000000000e+00 
 -1.471936255693436502e-01   0.000000000000000000e+00 
 -3.826486319303518818e-02   0.000000000000000000e+00 
 -9.243648499250413722e-03   0.000000000000000000e+00 
  5.011860281229017777e-02   0.000000000000000000e+00 
 -2.968694083392619393e-02   0.000000000000000000e+00 
 -1.907682791352272034e-02   0.000000000000000000e+00 
 -2.780886925756931305e-02   0.000000000000000000e+00 
  1.934339478611946106e-02   0.000000000000000000e+00 
 -1.785013265907764435e-02   0.000000000000000000e+00 
  7.723962515592575073e-02   0.000000000000000000e+00 
  9.792938083410261674e-02   0.000000000000000000e+00 
  2.431023633107541691e-03   0.000000000000000000e+00 
 -1.384166441857814789e-02   0.000000000000000000e+00 
  3.981382586061951029e-03   0.000000000000000000e+00 
  1.568716764450072548e-02   0.000000000000000000e+00 
  1.777182817459106723e-01   0.000000000000000000e+00 
  3.105440735816947240e-02   0.000000000000000000e+00 
  2.710044384002688149e-03   0.000000000000000000e+00 
  2.956498265266417902e-01   0.000000000000000000e+00 
 -8.292060494422913708e-01   0.000000000000000000e+00 
  3.047908656299114921e-02   0.000000000000000000e+00 
 -3.259321302175521851e-02   0.000000000000000000e+00 
  0.000000000000000000e+00   0.000000000000000000e+00 
  0.000000000000000000e+00   0.000000000000000000e+00 
  0.000000000000000000e+00   0.000000000000000000e+00 
  0.000000000000000000e+00   0.000000000000000000e+00 
  0.000000000000000000e+00   0.000000000000000000e+00 
  0.000000000000000000e+00   0.000000000000000000e+00 
  0.000000000000000000e+00   0.000000000000000000e+00 
  0.000000000000000000e+00   0.000000000000000000e+00 
  0.000000000000000000e+00   0.000000000000000000e+00 
  0.000000000000000000e+00   0.000000000000000000e+00 
  0.000000000000000000e+00   0.000000000000000000e+00 
  0.000000000000000000e+00   0.000000000000000000e+00 
  0.000000000000000000e+00   0.000000000000000000e+00 
  0.000000000000000000e+00   0.000000000000000000e+00 
  0.000000000000000000e+00   0.000000000000000000e+00 
  0.000000000000000000e+00   0.000000000000000000e+00 
  0.000000000000000000e+00   0.000000000000000000e+00 
  0.000000000000000000e+00   0.000000000000000000e+00 
  0.000000000000000000e+00   0.000000000000000000e+00 
  0.000000000000000000e+00   0.000000000000000000e+00 
  0.000000000000000000e+00   0.000000000000000000e+00 
  0.000000000000000000e+00   0.000000000000000000e+00 
  0.000000000000000000e+00   0.000000000000000000e+00 
  0.000000000000000000e+00   0.000000000000000000e+00 
  0.000000000000000000e+00   0.000000000000000000e+00 
  0.000000000000000000e+00   0.000000000000000000e+00 
  0.000000000000000000e+00   0.000000000000000000e+00 
  0.000000000000000000e+00   0.000000000000000000e+00 
  1.135636121034685510e-03   0.000000000000000000e+00 
 -1.614474807865948040e-03   0.000000000000000000e+00 
  6.232691463083027059e-03   0.000000000000000000e+00 
  1.119644474238164558e-02   0.000000000000000000e+00 
  7.674264721572344496e-03   0.000000000000000000e+00 
  3.196597844362262381e-02   0.000000000000000000e+00 
  5.266725644469261169e-02   0.000000000000000000e+00 
 -8.045404404401781950e-02   0.000000000000000000e+00 
 -1.356161106377840736e-02   0.000000000000000000e+00 
  1.761886104941365674e-02   0.000000000000000000e+00 
 -3.702532965689902308e-03   0.000000000000000000e+00 
  5.547942055272853503e-05   0.000000000000000000e+00 
  1.186550222337245941e-02   0.000000000000000000e+00 
  2.200352260842919350e-03   0.000000000000000000e+00 
  6.825794931501150131e-03   0.000000000000000000e+00 
 -8.187256753444678570e-03   0.000000000000000000e+00 
 -4.208242520689962907e-02   0.000000000000000000e+00 
 -1.827777177095412861e-02   0.000000000000000000e+00 
 -2.415062673389911305e-02   0.000000000000000000e+00 
  2.899156138300895691e-02   0.000000000000000000e+00 
  2.181915938854217876e-02   0.000000000000000000e+00 
 -1.454002503305680191e-02   0.000000000000000000e+00 
  3.474460840225219727e-01   0.000000000000000000e+00 
 -1.901726871728897095e-01   0.000000000000000000e+00 
  6.408096551895140491e-01   0.000000000000000000e+00 
  3.030883073806762695e-01   0.000000000000000000e+00 
  1.136605255305764457e-02   0.000000000000000000e+00 
 -1.108450144529342374e-01   0.000000000000000000e+00 
