    3.1050858007736079e+05    1.6898444493028678e+03
    3.1125916755200917e+05    6.7052569642220226e+02
    3.1215355304905982e+05    6.9009155315108296e+02
    3.1149492599704466e+05    1.3957867580207358e+02
    3.1340061534739041e+05    1.0305363834594596e+03
    3.1187310173842951e+05    2.3808597269159354e+03
    3.1112580275004316e+05   -2.5525534642079515e+02
    3.1304362245104904e+05    7.1801524235577267e+02
    3.1263161507176072e+05   -1.5193483298775689e+03
    3.1253942221950670e+05    1.7924638915912310e+03
    3.1119286077277933e+05   -1.1324516511484417e+03
    3.1111554213344015e+05   -1.2044997843664985e+03
    3.1287278100339178e+05    5.5466913683622022e+02
    3.1052679677740356e+05    2.5962758707117036e+03
    3.1280071555553598e+05    7.8111846254934846e+02
    3.1088043302877352e+05    2.8745294887826259e+02
    3.1216538147190842e+05    7.6994767544962315e+02
    3.1109809591852949e+05   -1.0420274929454590e+03
    3.1069671764400078e+05   -1.7588905107896444e+03
    3.1127145071599947e+05   -9.1591412631948481e+02
    3.1037920696144772e+05   -6.7163345334276073e+02
    3.1111416427573282e+05   -1.2311930422783555e+03
    3.0928073229129007e+05    2.2793200188594692e+03
    3.1054812642380805e+05    9.0515124105706843e+02
    3.1092467988867825e+05   -1.2200631850221757e+03
    3.1112185396438895e+05   -7.8142324850233683e+02
    3.1255010300334124e+05   -1.5380299920899790e+02
    3.1149297887242911e+05   -2.7964821309790750e+02
    3.0975746267782734e+05    7.8880780862302868e+02
    3.1020408381251473e+05   -9.6338917650311294e+02
    3.1111808559003146e+05   -1.0042601355255697e+03
    3.1000980509024451e+05   -2.0275014968494329e+03
    3.1215836789214239e+05   -4.2931289908807696e+02
    3.1236821057430771e+05    3.7710803005197440e+03
    3.0896814408027689e+05    1.0041560409469364e+03
    3.1142291836446454e+05   -8.4753166102880630e+02
    3.1105732710166229e+05    1.5428515098533421e+02
    3.1264465829362138e+05   -6.6772265580649537e+02
    3.1190145945978037e+05    3.5196750341017577e+02
    3.1118038063729892e+05   -1.2439862671044966e+03
    3.1233775298301165e+05   -1.0460473381602988e+03
    3.1254565217776661e+05    1.2225292855464006e+03
    3.1101929296262620e+05   -1.9958580246175516e+03
    3.1177649605719303e+05   -1.6213891126421627e+03
    3.1042911392863980e+05    2.6452635802466748e+03
    3.0929228115220496e+05    2.8030003419696359e+03
    3.0915865849211277e+05   -9.6700038761789745e+02
    3.0956006779471762e+05   -3.8026597227497186e+03
    3.1060299110346055e+05    2.5212732436537999e+03
    3.1068112828269333e+05    2.0914089868231895e+03
    3.0905316502102255e+05    2.3924114840907405e+03
    3.0973138245007221e+05   -5.3520772598966244e+02
    3.1031984202611592e+05    2.1969408608478261e+03
    3.1152507775437494e+05    2.6434584198397556e+02
    3.1022023064909980e+05   -4.7861457174906525e+02
    3.1243027034118189e+05   -9.4682870838653014e+02
    3.1177282448430068e+05   -9.3187420332441843e+02
    3.1088043160333583e+05    1.4100102777934530e+03
    3.1199190870152012e+05    1.6233699598829949e+03
    3.1109447408093076e+05   -3.8175035591167091e+02
    3.1110320372385252e+05    1.2033795604876364e+03
    3.1243105993075483e+05    5.1144010525830254e+02
    3.1079695762415021e+05   -9.3599289104083823e+02
    3.1255643450634822e+05   -1.3088602614690062e+03
    3.1053594222926977e+05   -1.2342620269862396e+03
    3.1235394894882932e+05    2.5937132995344200e+02
    3.1096063103766821e+05   -3.5603721048180853e+02
    3.1098584291169967e+05    3.6193469820567930e+02
    3.1215319213981502e+05    1.6907800842271124e+03
    3.1224653379185812e+05    7.3125019552640651e+02
    3.1127864353916398e+05   -3.2750105539680239e+03
    3.1251822334997356e+05    4.4643516746864520e+01
    3.1130235329965688e+05    5.3954641624893497e+01
    3.0961084212762886e+05    2.7021953655631239e+02
    3.1202232493694057e+05    2.5186164627506678e+03
    3.1315416410015814e+05   -8.6836943706346563e+02
    3.1226816154646699e+05    9.8377450836039714e+02
    3.1301197951303364e+05    1.4448393913735922e+03
    3.1079002776196250e+05   -3.3858581447692222e+02
    3.1027323160275084e+05    1.4661884188969991e+03
    3.1194841648372461e+05    1.7266865200033330e+03
    3.1116654588481376e+05   -3.5678452997726203e+02
    3.1137206283664308e+05   -5.7019932122831142e+02
    3.1253242898925324e+05    1.8019914369431751e+02
    3.1200643895562016e+05   -1.4511485315390291e+03
    3.1043153173015174e+05   -7.9859547980064463e+01
    3.1052943060726137e+05   -1.2341321106936280e+03
    3.1040859479786630e+05   -1.0169180368545643e+03
    3.1246458589855424e+05    6.1957718563584831e+02
    3.1263427645605628e+05   -4.0038918965716903e+01
    3.1197982621892821e+05   -1.7728793607766399e+03
    3.1140701446088759e+05    1.7473510524393021e+03
    3.1013783052503533e+05    2.3685070414037664e+03
    3.1199713046813710e+05   -9.1283584491061720e+02
    3.1202392585027119e+05    1.3976535173555910e+03
    3.1296225484081625e+05    6.2383882129372114e+02
    3.1197254108631075e+05    4.2892842673593459e+03
    3.1166778776765731e+05   -1.3304676714653345e+02
    3.1067845566307247e+05    3.2736975440503238e+02
    3.1047498013164400e+05    3.3828663537530638e+03
    3.0783619929861382e+05    6.1142980998234748e+02
    3.1182252081050980e+05    5.4904829933979443e+02
    3.1151506030554848e+05   -6.3925119777653344e+02
    3.1053917918328801e+05   -3.4235915277411016e+02
    3.1087868170393433e+05    1.6362763697332884e+03
    3.1097089579648559e+05    1.0597468570726180e+03
    3.1124057780856965e+05   -1.0316147453239165e+02
    3.1073835341459617e+05   -3.1929411329094137e+01
    3.1054943440882221e+05   -1.0206961345104052e+03
    3.0961370664567489e+05   -1.8663172805867862e+02
    3.1066567896066234e+05    5.3972863575247766e+02
    3.1059571863095602e+05    7.6055406779669363e+02
    3.1064259438426967e+05   -1.5662045684905829e+03
    3.0978325485025957e+05   -1.4347612655887765e+03
    3.0951443828343629e+05    8.2709166828024559e+02
    3.0907033500580915e+05   -1.9338803699104380e+02
    3.1188788189440517e+05   -3.2401289609422940e+02
    3.1131410707310092e+05    5.8331750548742548e+02
    3.1237386852711148e+05   -1.4080711635278058e+03
    3.1003840009684220e+05   -1.2034684277596136e+02
    3.1049933459500642e+05    9.4337808589580334e+02
    3.1223742544006708e+05    4.0029901803690882e+02
    3.1164595317540038e+05   -9.2336540627652835e+02
    3.1129248700927128e+05    3.9138809143360783e+02
    3.1093262240839365e+05   -1.5685868682253899e+03
    3.1065691096052283e+05   -3.6700830538893172e+02
    3.1308312531891768e+05    8.0320568934567223e+02
    3.1140660682950990e+05   -6.4025863914172146e+02
    3.1128987754848413e+05    1.2923170876244776e+03
    3.1140654686406266e+05   -1.3920047439441000e+03
    3.1078257078681409e+05    7.5548554589691298e+02
    3.0872101976421347e+05    1.1788840760853330e+02
    3.0995161937290156e+05    1.8823295517498832e+03
    3.0998822656704811e+05   -2.1798303980940163e+03
    3.1191029024955654e+05   -5.8013856734630986e+02
    3.1135405445194850e+05   -3.9517626178838532e+02
    3.1179166438254702e+05   -4.6696621298008409e+02
    3.1092821210280317e+05   -3.6837957935440973e+03
    3.1138252035437757e+05   -7.6035973019482344e+02
    3.1200805848323484e+05    2.6513949072635351e+03
    3.1182085024238343e+05   -5.6272842409195300e+02
    3.1012045630666631e+05    3.3522821237233018e+02
    3.1076848401743779e+05    2.1519557360008548e+02
    3.1135203608174040e+05    5.3486113898494727e+02
    3.1016096988683433e+05   -2.9421414018845974e+02
    3.0991460895831283e+05    1.5773395052330159e+01
    3.0992071827341837e+05   -1.6738009666547673e+03
    3.1167352982617437e+05   -5.0250609608545847e+02
    3.1173047286304203e+05    1.1390849766174820e+03
    3.1212344058368960e+05    1.1521446304811132e+03
    3.1197557784145547e+05    7.1166934345271602e+02
    3.1204583086583164e+05    2.2035912097817863e+03
    3.1257202387376642e+05   -5.7644164468809447e+02
    3.1144456320751261e+05   -4.7118238060228941e+02
    3.1109110275024903e+05    1.6169068850724710e+02
    3.1058375443862577e+05   -6.9627001293931630e+02
    3.1040919965701085e+05    7.6495046130178298e+02
    3.0962565209871304e+05    1.9728204955572826e+03
    3.0955879830619495e+05    4.7454474158226230e+02
    3.1249867941148707e+05    2.6629569778096452e+03
    3.1071024537786504e+05   -1.2347350651690315e+03
    3.1133073699392780e+05   -6.2543765262328816e+02
    3.1331597250105313e+05    3.8300438617969837e+02
    3.1060188056074188e+05   -1.5543227952222151e+02
    3.1002433589561621e+05   -2.6075774318247454e+01
    3.1153638948433765e+05    1.0213408509148668e+03
    3.1249065050556429e+05    4.5438047147927068e+02
    3.1068813194648118e+05    1.2072502804354101e+03
    3.1114578847629053e+05    1.1586305391180065e+03
    3.1303131535115920e+05   -1.1121697200354574e+03
    3.1042397680386103e+05   -9.9742644761899908e+02
    3.0956127399332420e+05    1.1700508915204291e+03
    3.1142513949716178e+05   -9.2441835496610599e+02
    3.0990039970137598e+05   -1.2413090704839949e+03
    3.1076522969645215e+05    1.1313139438628148e+03
    3.1254813414027030e+05    1.7169478125539081e+03
    3.1239726047961076e+05    4.2973130639128522e+02
    3.1219106156029983e+05    2.9166353738583962e+03
    3.1067299418189161e+05   -1.2988018862169756e+03
    3.1052718152306345e+05   -4.7157729285644524e+02
    3.1260281162202201e+05    2.2148929130918941e+03
    3.1082830336937320e+05    1.3260391831797840e+03
    3.1032278506829427e+05   -1.7639127082806735e+03
    3.0923837197690934e+05    2.2604914701122593e+03
    3.1146622852990945e+05   -1.4645139622264566e+02
    3.1121764373121009e+05    2.4765443901806680e+03
    3.0944160779540683e+05   -1.4587963384342825e+03
    3.1069359282265010e+05    1.1469025538419805e+02
    3.1005672678605968e+05   -3.6440814681202869e+02
    3.1090886762206198e+05   -1.7870116919125344e+03
    3.0996901555001130e+05   -1.2493354951944184e+01
    3.1176858919430000e+05    2.1594693837210953e+03
    3.1230359318999556e+05   -1.1035227674221665e+02
    3.1254363918047072e+05   -1.8483154369975268e+03
    3.1157426550247963e+05   -3.1712735171110552e+01
    3.1077098348542012e+05    1.0674462689430397e+03
    3.1100262880537764e+05    2.3271534573127274e+03
    3.1443619704562059e+05   -7.7942097522632196e+01
    3.1217004358114791e+05   -6.9501227238669355e+02
    3.1248488456521032e+05   -2.5968497404554319e+03
