  0.000000000000000000e+00   0.000000000000000000e+00 
                         2 
                        56                         14 
  3.522314829751977544e-03   0.000000000000000000e+00 
  1.628481745719912166e-01   0.000000000000000000e+00 
  2.682107733562539686e-03   0.000000000000000000e+00 
 -3.279283875599502650e-03   0.000000000000000000e+00 
 -7.470280863344675414e-03   0.000000000000000000e+00 
 -3.470648825168612395e-02   0.000000000000000000e+00 
 -6.435631308704610302e-03   0.000000000000000000e+00 
 -4.068652167916297913e-03   0.000000000000000000e+00 
 -1.616222143639067983e-04   0.000000000000000000e+00 
  9.215041063725953755e-04   0.000000000000000000e+00 
  1.906607358250752627e-04   0.000000000000000000e+00 
 -2.810215228237211704e-04   0.000000000000000000e+00 
 -2.616690471768378778e-03   0.000000000000000000e+00 
  8.446716237813233245e-04   0.000000000000000000e+00 
 -3.142266534268856049e-03   0.000000000000000000e+00 
 -1.096999389119312704e-03   0.000000000000000000e+00 
  9.710281491279599830e-01   0.000000000000000000e+00 
  7.792749092914161898e-04   0.000000000000000000e+00 
 -1.062009483575821140e-03   0.000000000000000000e+00 
 -2.034138888120829922e-03   0.000000000000000000e+00 
  1.928394585847854337e-01   0.000000000000000000e+00 
 -5.782784428447485837e-03   0.000000000000000000e+00 
 -4.970944020897150907e-03   0.000000000000000000e+00 
 -8.870931714773187815e-02   0.000000000000000000e+00 
 -2.070061629638064987e-03   0.000000000000000000e+00 
 -1.249392866156995080e-03   0.000000000000000000e+00 
  4.884717985987660667e-03   0.000000000000000000e+00 
  7.362052053213119507e-02   0.000000000000000000e+00 
  0.000000000000000000e+00   0.000000000000000000e+00 
  0.000000000000000000e+00   0.000000000000000000e+00 
  0.000000000000000000e+00   0.000000000000000000e+00 
  0.000000000000000000e+00   0.000000000000000000e+00 
  0.000000000000000000e+00   0.000000000000000000e+00 
  0.000000000000000000e+00   0.000000000000000000e+00 
  0.000000000000000000e+00   0.000000000000000000e+00 
  0.000000000000000000e+00   0.000000000000000000e+00 
  0.000000000000000000e+00   0.000000000000000000e+00 
  0.000000000000000000e+00   0.000000000000000000e+00 
  0.000000000000000000e+00   0.000000000000000000e+00 
  0.000000000000000000e+00   0.000000000000000000e+00 
  0.000000000000000000e+00   0.000000000000000000e+00 
  0.000000000000000000e+00   0.000000000000000000e+00 
  0.000000000000000000e+00   0.000000000000000000e+00 
  0.000000000000000000e+00   0.000000000000000000e+00 
  0.000000000000000000e+00   0.000000000000000000e+00 
  0.000000000000000000e+00   0.000000000000000000e+00 
  0.000000000000000000e+00   0.000000000000000000e+00 
  0.000000000000000000e+00   0.000000000000000000e+00 
  0.000000000000000000e+00   0.000000000000000000e+00 
  0.000000000000000000e+00   0.000000000000000000e+00 
  0.000000000000000000e+00   0.000000000000000000e+00 
  0.000000000000000000e+00   0.000000000000000000e+00 
  0.000000000000000000e+00   0.000000000000000000e+00 
  0.000000000000000000e+00   0.000000000000000000e+00 
  0.000000000000000000e+00   0.000000000000000000e+00 
  0.000000000000000000e+00   0.000000000000000000e+00 
 -1.744501106441048374e-02   0.000000000000000000e+00 
 -2.390785375609961842e-03   0.000000000000000000e+00 
 -1.746680438518523337e-01   0.000000000000000000e+00 
  6.355676334351303795e-03   0.000000000000000000e+00 
  2.295155543833974059e-03   0.000000000000000000e+00 
 -5.920059629716023552e-04   0.000000000000000000e+00 
  6.359113845974204322e-03   0.000000000000000000e+00 
 -2.788443525787436417e-04   0.000000000000000000e+00 
  5.164456367492676475e-02   0.000000000000000000e+00 
 -2.031344687566162023e-03   0.000000000000000000e+00 
 -3.947466146200895309e-03   0.000000000000000000e+00 
  4.829207609873264486e-04   0.000000000000000000e+00 
 -3.073580330237746672e-03   0.000000000000000000e+00 
 -1.402512309141456864e-03   0.000000000000000000e+00 
  4.137340001761913300e-03   0.000000000000000000e+00 
  5.151253342628479004e-01   0.000000000000000000e+00 
  4.613134078680384219e-04   0.000000000000000000e+00 
 -1.335227512754499045e-03   0.000000000000000000e+00 
  1.321902498602866259e-03   0.000000000000000000e+00 
 -8.564195036888124779e-01   0.000000000000000000e+00 
 -3.488045695129962545e-05   0.000000000000000000e+00 
 -2.948510460555554737e-03   0.000000000000000000e+00 
  7.340409327298402786e-03   0.000000000000000000e+00 
 -2.594377286732194726e-02   0.000000000000000000e+00 
 -6.017936021089543425e-02   0.000000000000000000e+00 
 -4.775232169777153188e-03   0.000000000000000000e+00 
  1.093971543014051048e-03   0.000000000000000000e+00 
  1.383574865758420251e-02   0.000000000000000000e+00 
  0.000000000000000000e+00   0.000000000000000000e+00 
  0.000000000000000000e+00   0.000000000000000000e+00 
  0.000000000000000000e+00   0.000000000000000000e+00 
  0.000000000000000000e+00   0.000000000000000000e+00 
  0.000000000000000000e+00   0.000000000000000000e+00 
  0.000000000000000000e+00   0.000000000000000000e+00 
  0.000000000000000000e+00   0.000000000000000000e+00 
  0.000000000000000000e+00   0.000000000000000000e+00 
  0.000000000000000000e+00   0.000000000000000000e+00 
  0.000000000000000000e+00   0.000000000000000000e+00 
  0.000000000000000000e+00   0.000000000000000000e+00 
  0.000000000000000000e+00   0.000000000000000000e+00 
  0.000000000000000000e+00   0.000000000000000000e+00 
  0.000000000000000000e+00   0.000000000000000000e+00 
  0.000000000000000000e+00   0.000000000000000000e+00 
  0.000000000000000000e+00   0.000000000000000000e+00 
  0.000000000000000000e+00   0.000000000000000000e+00 
  0.000000000000000000e+00   0.000000000000000000e+00 
  0.000000000000000000e+00   0.000000000000000000e+00 
  0.000000000000000000e+00   0.000000000000000000e+00 
  0.000000000000000000e+00   0.000000000000000000e+00 
  0.000000000000000000e+00   0.000000000000000000e+00 
  0.000000000000000000e+00   0.000000000000000000e+00 
  0.000000000000000000e+00   0.000000000000000000e+00 
  0.000000000000000000e+00   0.000000000000000000e+00 
  0.000000000000000000e+00   0.000000000000000000e+00 
  0.000000000000000000e+00   0.000000000000000000e+00 
  0.000000000000000000e+00   0.000000000000000000e+00 
  1.589606632478548619e-03   0.000000000000000000e+00 
  3.434833139181139167e-02   0.000000000000000000e+00 
 -6.138799712061967888e-03   0.000000000000000000e+00 
  5.524609703570608661e-03   0.000000000000000000e+00 
 -3.029627026990059941e-03   0.000000000000000000e+00 
 -1.103609725832939009e-01   0.000000000000000000e+00 
 -5.474198842421153450e-04   0.000000000000000000e+00 
  4.301926586776973552e-03   0.000000000000000000e+00 
  3.114936873316793454e-03   0.000000000000000000e+00 
 -9.988747769966725872e-04   0.000000000000000000e+00 
 -1.170972129330041410e-03   0.000000000000000000e+00 
 -2.718395320698618889e-03   0.000000000000000000e+00 
 -4.657464160118195796e-05   0.000000000000000000e+00 
 -1.067389268428087451e-03   0.000000000000000000e+00 
 -5.451755598187446594e-03   0.000000000000000000e+00 
 -2.215242711827199260e-03   0.000000000000000000e+00 
 -3.944419324398036608e-02   0.000000000000000000e+00 
  9.624281665310264718e-04   0.000000000000000000e+00 
 -1.000258792191744024e-02   0.000000000000000000e+00 
 -8.009537705219823460e-04   0.000000000000000000e+00 
 -8.421380072832116218e-03   0.000000000000000000e+00 
 -1.429372001439333309e-02   0.000000000000000000e+00 
  1.051276689395308711e-03   0.000000000000000000e+00 
  4.139301180839539684e-01   0.000000000000000000e+00 
  5.792121519335840510e-04   0.000000000000000000e+00 
 -7.457852363586422312e-03   0.000000000000000000e+00 
  2.834651386365292722e-03   0.000000000000000000e+00 
  9.355130791664122425e-01   0.000000000000000000e+00 
  0.000000000000000000e+00   0.000000000000000000e+00 
  0.000000000000000000e+00   0.000000000000000000e+00 
  0.000000000000000000e+00   0.000000000000000000e+00 
  0.000000000000000000e+00   0.000000000000000000e+00 
  0.000000000000000000e+00   0.000000000000000000e+00 
  0.000000000000000000e+00   0.000000000000000000e+00 
  0.000000000000000000e+00   0.000000000000000000e+00 
  0.000000000000000000e+00   0.000000000000000000e+00 
  0.000000000000000000e+00   0.000000000000000000e+00 
  0.000000000000000000e+00   0.000000000000000000e+00 
  0.000000000000000000e+00   0.000000000000000000e+00 
  0.000000000000000000e+00   0.000000000000000000e+00 
  0.000000000000000000e+00   0.000000000000000000e+00 
  0.000000000000000000e+00   0.000000000000000000e+00 
  0.000000000000000000e+00   0.000000000000000000e+00 
  0.000000000000000000e+00   0.000000000000000000e+00 
  0.000000000000000000e+00   0.000000000000000000e+00 
  0.000000000000000000e+00   0.000000000000000000e+00 
  0.000000000000000000e+00   0.000000000000000000e+00 
  0.000000000000000000e+00   0.000000000000000000e+00 
  0.000000000000000000e+00   0.000000000000000000e+00 
  0.000000000000000000e+00   0.000000000000000000e+00 
  0.000000000000000000e+00   0.000000000000000000e+00 
  0.000000000000000000e+00   0.000000000000000000e+00 
  0.000000000000000000e+00   0.000000000000000000e+00 
  0.000000000000000000e+00   0.000000000000000000e+00 
  0.000000000000000000e+00   0.000000000000000000e+00 
  0.000000000000000000e+00   0.000000000000000000e+00 
  3.794314712286029484e-02   0.000000000000000000e+00 
  3.829729976132670820e-03   0.000000000000000000e+00 
 -1.016457974910736778e-01   0.000000000000000000e+00 
 -5.274039227515459928e-03   0.000000000000000000e+00 
 -2.721301279962059800e-03   0.000000000000000000e+00 
 -3.435702761635216814e-03   0.000000000000000000e+00 
  2.394801995251328837e-04   0.000000000000000000e+00 
 -2.650870941579341888e-03   0.000000000000000000e+00 
  3.892546892166137695e-02   0.000000000000000000e+00 
 -4.519611597061158094e-03   0.000000000000000000e+00 
  8.330200798809528351e-03   0.000000000000000000e+00 
 -9.570995462127029896e-04   0.000000000000000000e+00 
  5.988817662000656128e-03   0.000000000000000000e+00 
  9.218790801241991736e-04   0.000000000000000000e+00 
  3.484238404780625863e-03   0.000000000000000000e+00 
  1.243555396795272827e-01   0.000000000000000000e+00 
 -2.733124885708126603e-03   0.000000000000000000e+00 
 -2.102829312207179721e-04   0.000000000000000000e+00 
 -6.467302329838275909e-03   0.000000000000000000e+00 
  1.165154501795769015e-01   0.000000000000000000e+00 
  1.146216527558810688e-03   0.000000000000000000e+00 
  4.703369340859361132e-04   0.000000000000000000e+00 
  6.042524240911006927e-03   0.000000000000000000e+00 
  2.295039128512090746e-03   0.000000000000000000e+00 
 -9.813814759254455566e-01   0.000000000000000000e+00 
 -5.950656253844498721e-03   0.000000000000000000e+00 
  3.245535306632520503e-03   0.000000000000000000e+00 
 -8.373103104531712942e-03   0.000000000000000000e+00 
  0.000000000000000000e+00   0.000000000000000000e+00 
  0.000000000000000000e+00   0.000000000000000000e+00 
  0.000000000000000000e+00   0.000000000000000000e+00 
  0.000000000000000000e+00   0.000000000000000000e+00 
  0.000000000000000000e+00   0.000000000000000000e+00 
  0.000000000000000000e+00   0.000000000000000000e+00 
  0.000000000000000000e+00   0.000000000000000000e+00 
  0.000000000000000000e+00   0.000000000000000000e+00 
  0.000000000000000000e+00   0.000000000000000000e+00 
  0.000000000000000000e+00   0.000000000000000000e+00 
  0.000000000000000000e+00   0.000000000000000000e+00 
  0.000000000000000000e+00   0.000000000000000000e+00 
  0.000000000000000000e+00   0.000000000000000000e+00 
  0.000000000000000000e+00   0.000000000000000000e+00 
  0.000000000000000000e+00   0.000000000000000000e+00 
  0.000000000000000000e+00   0.000000000000000000e+00 
  0.000000000000000000e+00   0.000000000000000000e+00 
  0.000000000000000000e+00   0.000000000000000000e+00 
  0.000000000000000000e+00   0.000000000000000000e+00 
  0.000000000000000000e+00   0.000000000000000000e+00 
  0.000000000000000000e+00   0.000000000000000000e+00 
  0.000000000000000000e+00   0.000000000000000000e+00 
  0.000000000000000000e+00   0.000000000000000000e+00 
  0.000000000000000000e+00   0.000000000000000000e+00 
  0.000000000000000000e+00   0.000000000000000000e+00 
  0.000000000000000000e+00   0.000000000000000000e+00 
  0.000000000000000000e+00   0.000000000000000000e+00 
  0.000000000000000000e+00   0.000000000000000000e+00 
  2.610826632009243670e-03   0.000000000000000000e+00 
  5.298333242535599452e-02   0.000000000000000000e+00 
 -3.278637770563606023e-03   0.000000000000000000e+00 
 -3.067477140575647354e-03   0.000000000000000000e+00 
  4.653399344533682737e-03   0.000000000000000000e+00 
 -7.665847241878505358e-02   0.000000000000000000e+00 
 -5.300470162183045474e-03   0.000000000000000000e+00 
  4.043052322231229325e-04   0.000000000000000000e+00 
  1.206774171441791013e-02   0.000000000000000000e+00 
  7.286638487130405253e-03   0.000000000000000000e+00 
  1.151220523752272563e-03   0.000000000000000000e+00 
  2.955964300781488419e-04   0.000000000000000000e+00 
  7.513640914112329483e-03   0.000000000000000000e+00 
  2.691452682483941317e-04   0.000000000000000000e+00 
  1.790538546629249616e-03   0.000000000000000000e+00 
  1.111158356070521443e-02   0.000000000000000000e+00 
 -1.335636973381041648e-01   0.000000000000000000e+00 
 -5.794057622551918897e-03   0.000000000000000000e+00 
  7.361155585385862265e-04   0.000000000000000000e+00 
  1.333383750170475876e-02   0.000000000000000000e+00 
  4.499246180057526329e-02   0.000000000000000000e+00 
  1.994874794036151280e-03   0.000000000000000000e+00 
 -4.198376089334487915e-03   0.000000000000000000e+00 
 -9.466570019721981533e-01   0.000000000000000000e+00 
  1.637530885636807182e-02   0.000000000000000000e+00 
 -2.550204750150441256e-03   0.000000000000000000e+00 
  1.804930157959459911e-03   0.000000000000000000e+00 
  3.922388553619383655e-01   0.000000000000000000e+00 
  0.000000000000000000e+00   0.000000000000000000e+00 
  0.000000000000000000e+00   0.000000000000000000e+00 
  0.000000000000000000e+00   0.000000000000000000e+00 
  0.000000000000000000e+00   0.000000000000000000e+00 
  0.000000000000000000e+00   0.000000000000000000e+00 
  0.000000000000000000e+00   0.000000000000000000e+00 
  0.000000000000000000e+00   0.000000000000000000e+00 
  0.000000000000000000e+00   0.000000000000000000e+00 
  0.000000000000000000e+00   0.000000000000000000e+00 
  0.000000000000000000e+00   0.000000000000000000e+00 
  0.000000000000000000e+00   0.000000000000000000e+00 
  0.000000000000000000e+00   0.000000000000000000e+00 
  0.000000000000000000e+00   0.000000000000000000e+00 
  0.000000000000000000e+00   0.000000000000000000e+00 
  0.000000000000000000e+00   0.000000000000000000e+00 
  0.000000000000000000e+00   0.000000000000000000e+00 
  0.000000000000000000e+00   0.000000000000000000e+00 
  0.000000000000000000e+00   0.000000000000000000e+00 
  0.000000000000000000e+00   0.000000000000000000e+00 
  0.000000000000000000e+00   0.000000000000000000e+00 
  0.000000000000000000e+00   0.000000000000000000e+00 
  0.000000000000000000e+00   0.000000000000000000e+00 
  0.000000000000000000e+00   0.000000000000000000e+00 
  0.000000000000000000e+00   0.000000000000000000e+00 
  0.000000000000000000e+00   0.000000000000000000e+00 
  0.000000000000000000e+00   0.000000000000000000e+00 
  0.000000000000000000e+00   0.000000000000000000e+00 
  0.000000000000000000e+00   0.000000000000000000e+00 
 -6.615012884139960872e-03   0.000000000000000000e+00 
 -6.212193984538313257e-03   0.000000000000000000e+00 
 -8.414039621129715480e-04   0.000000000000000000e+00 
 -4.012472182512311775e-02   0.000000000000000000e+00 
 -1.540480554103849931e-02   0.000000000000000000e+00 
 -2.115919021889567375e-03   0.000000000000000000e+00 
 -1.336952149868012307e-01   0.000000000000000000e+00 
 -1.415863931179045521e-01   0.000000000000000000e+00 
 -1.055334601551294500e-02   0.000000000000000000e+00 
 -1.481640338897703343e-02   0.000000000000000000e+00 
 -2.550987154245376587e-02   0.000000000000000000e+00 
 -6.397867109626531601e-03   0.000000000000000000e+00 
 -5.620763171464204788e-03   0.000000000000000000e+00 
  1.313748885877429788e-03   0.000000000000000000e+00 
  1.813652110286057429e-03   0.000000000000000000e+00 
 -4.686607280746091491e-04   0.000000000000000000e+00 
 -6.335543002933262044e-03   0.000000000000000000e+00 
  1.515568047761917392e-01   0.000000000000000000e+00 
 -5.506819114089011452e-02   0.000000000000000000e+00 
 -2.448994200676677443e-03   0.000000000000000000e+00 
  7.995621301233771933e-03   0.000000000000000000e+00 
 -6.777562946081175377e-02   0.000000000000000000e+00 
  9.036125242710126015e-02   0.000000000000000000e+00 
 -4.528182372450827858e-02   0.000000000000000000e+00 
 -4.559805616736412916e-03   0.000000000000000000e+00 
  2.187057882547377985e-01   0.000000000000000000e+00 
 -8.788664937019347034e-01   0.000000000000000000e+00 
  1.301501225680112318e-02   0.000000000000000000e+00 
  0.000000000000000000e+00   0.000000000000000000e+00 
  0.000000000000000000e+00   0.000000000000000000e+00 
  0.000000000000000000e+00   0.000000000000000000e+00 
  0.000000000000000000e+00   0.000000000000000000e+00 
  0.000000000000000000e+00   0.000000000000000000e+00 
  0.000000000000000000e+00   0.000000000000000000e+00 
  0.000000000000000000e+00   0.000000000000000000e+00 
  0.000000000000000000e+00   0.000000000000000000e+00 
  0.000000000000000000e+00   0.000000000000000000e+00 
  0.000000000000000000e+00   0.000000000000000000e+00 
  0.000000000000000000e+00   0.000000000000000000e+00 
  0.000000000000000000e+00   0.000000000000000000e+00 
  0.000000000000000000e+00   0.000000000000000000e+00 
  0.000000000000000000e+00   0.000000000000000000e+00 
  0.000000000000000000e+00   0.000000000000000000e+00 
  0.000000000000000000e+00   0.000000000000000000e+00 
  0.000000000000000000e+00   0.000000000000000000e+00 
  0.000000000000000000e+00   0.000000000000000000e+00 
  0.000000000000000000e+00   0.000000000000000000e+00 
  0.000000000000000000e+00   0.000000000000000000e+00 
  0.000000000000000000e+00   0.000000000000000000e+00 
  0.000000000000000000e+00   0.000000000000000000e+00 
  0.000000000000000000e+00   0.000000000000000000e+00 
  0.000000000000000000e+00   0.000000000000000000e+00 
  0.000000000000000000e+00   0.000000000000000000e+00 
  0.000000000000000000e+00   0.000000000000000000e+00 
  0.000000000000000000e+00   0.000000000000000000e+00 
  0.000000000000000000e+00   0.000000000000000000e+00 
 -4.242761991918080067e-03   0.000000000000000000e+00 
  3.297407878562809772e-03   0.000000000000000000e+00 
 -6.981534417718649778e-03   0.000000000000000000e+00 
 -2.123449742794050396e-02   0.000000000000000000e+00 
  3.134212642908064395e-02   0.000000000000000000e+00 
 -1.283708726987241398e-03   0.000000000000000000e+00 
  1.486416757106781006e-01   0.000000000000000000e+00 
 -1.266888827085495550e-01   0.000000000000000000e+00 
 -9.310125024057938842e-04   0.000000000000000000e+00 
 -2.038912381976876707e-03   0.000000000000000000e+00 
 -1.475804671645165704e-02   0.000000000000000000e+00 
 -1.485585700720548413e-03   0.000000000000000000e+00 
  2.416724310023701729e-04   0.000000000000000000e+00 
  5.518424790352582064e-03   0.000000000000000000e+00 
  8.229593746364116669e-03   0.000000000000000000e+00 
  2.068677218630909486e-03   0.000000000000000000e+00 
  2.132322406396269798e-03   0.000000000000000000e+00 
 -6.899977475404739380e-02   0.000000000000000000e+00 
 -1.451117992401122769e-01   0.000000000000000000e+00 
  3.402630100026726723e-03   0.000000000000000000e+00 
 -3.773902542889118628e-03   0.000000000000000000e+00 
 -8.609285950660711118e-02   0.000000000000000000e+00 
 -4.772318061441139722e-03   0.000000000000000000e+00 
 -3.892895998433231006e-03   0.000000000000000000e+00 
  3.327417187392711206e-03   0.000000000000000000e+00 
  9.037206172943113014e-01   0.000000000000000000e+00 
  2.384687960147857388e-01   0.000000000000000000e+00 
 -5.057434318587187205e-04   0.000000000000000000e+00 
  0.000000000000000000e+00   0.000000000000000000e+00 
  0.000000000000000000e+00   0.000000000000000000e+00 
  0.000000000000000000e+00   0.000000000000000000e+00 
  0.000000000000000000e+00   0.000000000000000000e+00 
  0.000000000000000000e+00   0.000000000000000000e+00 
  0.000000000000000000e+00   0.000000000000000000e+00 
  0.000000000000000000e+00   0.000000000000000000e+00 
  0.000000000000000000e+00   0.000000000000000000e+00 
  0.000000000000000000e+00   0.000000000000000000e+00 
  0.000000000000000000e+00   0.000000000000000000e+00 
  0.000000000000000000e+00   0.000000000000000000e+00 
  0.000000000000000000e+00   0.000000000000000000e+00 
  0.000000000000000000e+00   0.000000000000000000e+00 
  0.000000000000000000e+00   0.000000000000000000e+00 
  0.000000000000000000e+00   0.000000000000000000e+00 
  0.000000000000000000e+00   0.000000000000000000e+00 
  0.000000000000000000e+00   0.000000000000000000e+00 
  0.000000000000000000e+00   0.000000000000000000e+00 
  0.000000000000000000e+00   0.000000000000000000e+00 
  0.000000000000000000e+00   0.000000000000000000e+00 
  0.000000000000000000e+00   0.000000000000000000e+00 
  0.000000000000000000e+00   0.000000000000000000e+00 
  0.000000000000000000e+00   0.000000000000000000e+00 
  0.000000000000000000e+00   0.000000000000000000e+00 
  0.000000000000000000e+00   0.000000000000000000e+00 
  0.000000000000000000e+00   0.000000000000000000e+00 
  0.000000000000000000e+00   0.000000000000000000e+00 
  0.000000000000000000e+00   0.000000000000000000e+00 
  0.000000000000000000e+00   0.000000000000000000e+00 
  0.000000000000000000e+00   0.000000000000000000e+00 
  0.000000000000000000e+00   0.000000000000000000e+00 
  0.000000000000000000e+00   0.000000000000000000e+00 
  0.000000000000000000e+00   0.000000000000000000e+00 
  0.000000000000000000e+00   0.000000000000000000e+00 
  0.000000000000000000e+00   0.000000000000000000e+00 
  0.000000000000000000e+00   0.000000000000000000e+00 
  0.000000000000000000e+00   0.000000000000000000e+00 
  0.000000000000000000e+00   0.000000000000000000e+00 
  0.000000000000000000e+00   0.000000000000000000e+00 
  0.000000000000000000e+00   0.000000000000000000e+00 
  0.000000000000000000e+00   0.000000000000000000e+00 
  0.000000000000000000e+00   0.000000000000000000e+00 
  0.000000000000000000e+00   0.000000000000000000e+00 
  0.000000000000000000e+00   0.000000000000000000e+00 
  0.000000000000000000e+00   0.000000000000000000e+00 
  0.000000000000000000e+00   0.000000000000000000e+00 
  0.000000000000000000e+00   0.000000000000000000e+00 
  0.000000000000000000e+00   0.000000000000000000e+00 
  0.000000000000000000e+00   0.000000000000000000e+00 
  0.000000000000000000e+00   0.000000000000000000e+00 
  0.000000000000000000e+00   0.000000000000000000e+00 
  0.000000000000000000e+00   0.000000000000000000e+00 
  0.000000000000000000e+00   0.000000000000000000e+00 
  0.000000000000000000e+00   0.000000000000000000e+00 
  0.000000000000000000e+00   0.000000000000000000e+00 
  0.000000000000000000e+00   0.000000000000000000e+00 
  2.265338553115925444e-03   0.000000000000000000e+00 
  1.122273430228236252e-01   0.000000000000000000e+00 
  3.978917840868177389e-03   0.000000000000000000e+00 
 -1.593651948496698466e-03   0.000000000000000000e+00 
 -7.426073309034117789e-03   0.000000000000000000e+00 
 -4.261524602770807441e-02   0.000000000000000000e+00 
 -6.551929283887144434e-03   0.000000000000000000e+00 
 -5.662397947162389755e-03   0.000000000000000000e+00 
  9.624671656638212561e-04   0.000000000000000000e+00 
  1.587960519827902751e-03   0.000000000000000000e+00 
 -1.304557430557908362e-03   0.000000000000000000e+00 
 -1.934834639541804790e-03   0.000000000000000000e+00 
 -5.850942688994107462e-04   0.000000000000000000e+00 
  1.985942013561725183e-03   0.000000000000000000e+00 
 -2.458794973790645599e-03   0.000000000000000000e+00 
  1.765387249179325817e-03   0.000000000000000000e+00 
  9.953209161758420631e-01   0.000000000000000000e+00 
  1.468018745072185560e-03   0.000000000000000000e+00 
 -1.846387283876538277e-03   0.000000000000000000e+00 
  2.638160367494496710e-04   0.000000000000000000e+00 
  2.369645386934280118e-01   0.000000000000000000e+00 
 -6.807556841522456083e-03   0.000000000000000000e+00 
 -8.312112651765348262e-03   0.000000000000000000e+00 
 -1.179096028208733438e-01   0.000000000000000000e+00 
  6.607940886169784769e-04   0.000000000000000000e+00 
  1.740605686791241169e-03   0.000000000000000000e+00 
  8.703739382326599466e-03   0.000000000000000000e+00 
  9.961853176355361938e-02   0.000000000000000000e+00 
  0.000000000000000000e+00   0.000000000000000000e+00 
  0.000000000000000000e+00   0.000000000000000000e+00 
  0.000000000000000000e+00   0.000000000000000000e+00 
  0.000000000000000000e+00   0.000000000000000000e+00 
  0.000000000000000000e+00   0.000000000000000000e+00 
  0.000000000000000000e+00   0.000000000000000000e+00 
  0.000000000000000000e+00   0.000000000000000000e+00 
  0.000000000000000000e+00   0.000000000000000000e+00 
  0.000000000000000000e+00   0.000000000000000000e+00 
  0.000000000000000000e+00   0.000000000000000000e+00 
  0.000000000000000000e+00   0.000000000000000000e+00 
  0.000000000000000000e+00   0.000000000000000000e+00 
  0.000000000000000000e+00   0.000000000000000000e+00 
  0.000000000000000000e+00   0.000000000000000000e+00 
  0.000000000000000000e+00   0.000000000000000000e+00 
  0.000000000000000000e+00   0.000000000000000000e+00 
  0.000000000000000000e+00   0.000000000000000000e+00 
  0.000000000000000000e+00   0.000000000000000000e+00 
  0.000000000000000000e+00   0.000000000000000000e+00 
  0.000000000000000000e+00   0.000000000000000000e+00 
  0.000000000000000000e+00   0.000000000000000000e+00 
  0.000000000000000000e+00   0.000000000000000000e+00 
  0.000000000000000000e+00   0.000000000000000000e+00 
  0.000000000000000000e+00   0.000000000000000000e+00 
  0.000000000000000000e+00   0.000000000000000000e+00 
  0.000000000000000000e+00   0.000000000000000000e+00 
  0.000000000000000000e+00   0.000000000000000000e+00 
  0.000000000000000000e+00   0.000000000000000000e+00 
 -3.647996112704303406e-02   0.000000000000000000e+00 
 -3.088832600042203114e-03   0.000000000000000000e+00 
 -1.848030835390090387e-01   0.000000000000000000e+00 
  6.850111763924361143e-03   0.000000000000000000e+00 
  4.288017749786379555e-03   0.000000000000000000e+00 
  6.838171248092370037e-05   0.000000000000000000e+00 
  3.902207361534235693e-03   0.000000000000000000e+00 
 -2.517630346119402538e-03   0.000000000000000000e+00 
  4.519145935773848793e-02   0.000000000000000000e+00 
 -2.609757706522942457e-03   0.000000000000000000e+00 
 -6.184352561831474304e-03   0.000000000000000000e+00 
  4.315697122365236282e-03   0.000000000000000000e+00 
 -1.926393597386777401e-03   0.000000000000000000e+00 
 -5.090920021757479146e-04   0.000000000000000000e+00 
  2.513486542738975179e-04   0.000000000000000000e+00 
  5.662806034088134766e-01   0.000000000000000000e+00 
  2.918346552178156545e-03   0.000000000000000000e+00 
 -1.286690938286482420e-03   0.000000000000000000e+00 
 -4.410062683746289832e-05   0.000000000000000000e+00 
 -8.036106824874880150e-01   0.000000000000000000e+00 
  1.030579369398021774e-04   0.000000000000000000e+00 
 -2.286953385919334673e-03   0.000000000000000000e+00 
  4.569766577333212766e-03   0.000000000000000000e+00 
 -9.550190879963095514e-04   0.000000000000000000e+00 
  2.948491019197874651e-04   0.000000000000000000e+00 
 -3.379057860001920353e-03   0.000000000000000000e+00 
 -3.738223575055597478e-03   0.000000000000000000e+00 
  6.349688628688580395e-04   0.000000000000000000e+00 
  0.000000000000000000e+00   0.000000000000000000e+00 
  0.000000000000000000e+00   0.000000000000000000e+00 
  0.000000000000000000e+00   0.000000000000000000e+00 
  0.000000000000000000e+00   0.000000000000000000e+00 
  0.000000000000000000e+00   0.000000000000000000e+00 
  0.000000000000000000e+00   0.000000000000000000e+00 
  0.000000000000000000e+00   0.000000000000000000e+00 
  0.000000000000000000e+00   0.000000000000000000e+00 
  0.000000000000000000e+00   0.000000000000000000e+00 
  0.000000000000000000e+00   0.000000000000000000e+00 
  0.000000000000000000e+00   0.000000000000000000e+00 
  0.000000000000000000e+00   0.000000000000000000e+00 
  0.000000000000000000e+00   0.000000000000000000e+00 
  0.000000000000000000e+00   0.000000000000000000e+00 
  0.000000000000000000e+00   0.000000000000000000e+00 
  0.000000000000000000e+00   0.000000000000000000e+00 
  0.000000000000000000e+00   0.000000000000000000e+00 
  0.000000000000000000e+00   0.000000000000000000e+00 
  0.000000000000000000e+00   0.000000000000000000e+00 
  0.000000000000000000e+00   0.000000000000000000e+00 
  0.000000000000000000e+00   0.000000000000000000e+00 
  0.000000000000000000e+00   0.000000000000000000e+00 
  0.000000000000000000e+00   0.000000000000000000e+00 
  0.000000000000000000e+00   0.000000000000000000e+00 
  0.000000000000000000e+00   0.000000000000000000e+00 
  0.000000000000000000e+00   0.000000000000000000e+00 
  0.000000000000000000e+00   0.000000000000000000e+00 
  0.000000000000000000e+00   0.000000000000000000e+00 
 -2.980666700750577661e-03   0.000000000000000000e+00 
  3.873304650187494452e-02   0.000000000000000000e+00 
 -1.899379771202889394e-03   0.000000000000000000e+00 
  4.192608874291185034e-03   0.000000000000000000e+00 
 -1.145869959145787631e-03   0.000000000000000000e+00 
 -1.168108731508254866e-01   0.000000000000000000e+00 
  2.282900037243962722e-03   0.000000000000000000e+00 
  5.159532651305199537e-03   0.000000000000000000e+00 
  1.760317943990257882e-03   0.000000000000000000e+00 
 -3.879216499626637806e-03   0.000000000000000000e+00 
 -4.726735642179862485e-04   0.000000000000000000e+00 
  2.483003539964556694e-03   0.000000000000000000e+00 
  1.284305006265640692e-03   0.000000000000000000e+00 
 -4.978611599653958407e-03   0.000000000000000000e+00 
 -5.150805227458477020e-03   0.000000000000000000e+00 
  1.492679235525388266e-03   0.000000000000000000e+00 
 -3.885469585657115588e-02   0.000000000000000000e+00 
  5.619035800918938898e-04   0.000000000000000000e+00 
 -1.031734328716993332e-02   0.000000000000000000e+00 
  2.640633843839214519e-03   0.000000000000000000e+00 
 -1.436453219503165159e-02   0.000000000000000000e+00 
 -8.256722241640092677e-03   0.000000000000000000e+00 
 -1.207829220220446587e-03   0.000000000000000000e+00 
  4.161939024925233044e-01   0.000000000000000000e+00 
  8.913865312935150215e-04   0.000000000000000000e+00 
 -3.006300423294304067e-03   0.000000000000000000e+00 
  1.422935980372129570e-03   0.000000000000000000e+00 
  9.303032159805296741e-01   0.000000000000000000e+00 
  0.000000000000000000e+00   0.000000000000000000e+00 
  0.000000000000000000e+00   0.000000000000000000e+00 
  0.000000000000000000e+00   0.000000000000000000e+00 
  0.000000000000000000e+00   0.000000000000000000e+00 
  0.000000000000000000e+00   0.000000000000000000e+00 
  0.000000000000000000e+00   0.000000000000000000e+00 
  0.000000000000000000e+00   0.000000000000000000e+00 
  0.000000000000000000e+00   0.000000000000000000e+00 
  0.000000000000000000e+00   0.000000000000000000e+00 
  0.000000000000000000e+00   0.000000000000000000e+00 
  0.000000000000000000e+00   0.000000000000000000e+00 
  0.000000000000000000e+00   0.000000000000000000e+00 
  0.000000000000000000e+00   0.000000000000000000e+00 
  0.000000000000000000e+00   0.000000000000000000e+00 
  0.000000000000000000e+00   0.000000000000000000e+00 
  0.000000000000000000e+00   0.000000000000000000e+00 
  0.000000000000000000e+00   0.000000000000000000e+00 
  0.000000000000000000e+00   0.000000000000000000e+00 
  0.000000000000000000e+00   0.000000000000000000e+00 
  0.000000000000000000e+00   0.000000000000000000e+00 
  0.000000000000000000e+00   0.000000000000000000e+00 
  0.000000000000000000e+00   0.000000000000000000e+00 
  0.000000000000000000e+00   0.000000000000000000e+00 
  0.000000000000000000e+00   0.000000000000000000e+00 
  0.000000000000000000e+00   0.000000000000000000e+00 
  0.000000000000000000e+00   0.000000000000000000e+00 
  0.000000000000000000e+00   0.000000000000000000e+00 
  0.000000000000000000e+00   0.000000000000000000e+00 
  4.403958469629321720e-02   0.000000000000000000e+00 
  4.188353661447923038e-03   0.000000000000000000e+00 
 -9.608107060194022442e-02   0.000000000000000000e+00 
 -3.756705438718200597e-03   0.000000000000000000e+00 
  1.235740841366353470e-03   0.000000000000000000e+00 
 -1.688736607320642054e-03   0.000000000000000000e+00 
 -1.596430083736777522e-03   0.000000000000000000e+00 
 -2.689891727641225729e-03   0.000000000000000000e+00 
  4.395953938364983299e-02   0.000000000000000000e+00 
 -3.206721274182200432e-03   0.000000000000000000e+00 
  7.699683308601379395e-03   0.000000000000000000e+00 
  1.361350179649889469e-03   0.000000000000000000e+00 
  8.235852234065532684e-03   0.000000000000000000e+00 
 -1.585520803928375027e-03   0.000000000000000000e+00 
 -1.782819628715515570e-03   0.000000000000000000e+00 
  1.127303391695022583e-01   0.000000000000000000e+00 
 -2.898497041314873710e-03   0.000000000000000000e+00 
 -6.163559737615293809e-04   0.000000000000000000e+00 
 -5.810059607028961182e-03   0.000000000000000000e+00 
  1.040430739521980563e-01   0.000000000000000000e+00 
  1.108113792724851887e-03   0.000000000000000000e+00 
  3.195664146915079898e-03   0.000000000000000000e+00 
  1.827989006415008631e-03   0.000000000000000000e+00 
  1.574764028191510956e-03   0.000000000000000000e+00 
 -9.930902719497680664e-01   0.000000000000000000e+00 
 -6.187014747411011782e-03   0.000000000000000000e+00 
  3.381107002496720228e-03   0.000000000000000000e+00 
 -4.819153808057256155e-03   0.000000000000000000e+00 
  0.000000000000000000e+00   0.000000000000000000e+00 
  0.000000000000000000e+00   0.000000000000000000e+00 
  0.000000000000000000e+00   0.000000000000000000e+00 
  0.000000000000000000e+00   0.000000000000000000e+00 
  0.000000000000000000e+00   0.000000000000000000e+00 
  0.000000000000000000e+00   0.000000000000000000e+00 
  0.000000000000000000e+00   0.000000000000000000e+00 
  0.000000000000000000e+00   0.000000000000000000e+00 
  0.000000000000000000e+00   0.000000000000000000e+00 
  0.000000000000000000e+00   0.000000000000000000e+00 
  0.000000000000000000e+00   0.000000000000000000e+00 
  0.000000000000000000e+00   0.000000000000000000e+00 
  0.000000000000000000e+00   0.000000000000000000e+00 
  0.000000000000000000e+00   0.000000000000000000e+00 
  0.000000000000000000e+00   0.000000000000000000e+00 
  0.000000000000000000e+00   0.000000000000000000e+00 
  0.000000000000000000e+00   0.000000000000000000e+00 
  0.000000000000000000e+00   0.000000000000000000e+00 
  0.000000000000000000e+00   0.000000000000000000e+00 
  0.000000000000000000e+00   0.000000000000000000e+00 
  0.000000000000000000e+00   0.000000000000000000e+00 
  0.000000000000000000e+00   0.000000000000000000e+00 
  0.000000000000000000e+00   0.000000000000000000e+00 
  0.000000000000000000e+00   0.000000000000000000e+00 
  0.000000000000000000e+00   0.000000000000000000e+00 
  0.000000000000000000e+00   0.000000000000000000e+00 
  0.000000000000000000e+00   0.000000000000000000e+00 
  0.000000000000000000e+00   0.000000000000000000e+00 
  3.485970897601333666e-03   0.000000000000000000e+00 
  6.252025812864311916e-02   0.000000000000000000e+00 
 -2.605701331049444999e-03   0.000000000000000000e+00 
  1.281570992432531225e-03   0.000000000000000000e+00 
  4.361627623438837746e-03   0.000000000000000000e+00 
 -7.831978797912593493e-02   0.000000000000000000e+00 
 -3.362872870638967428e-03   0.000000000000000000e+00 
 -2.579108113422991146e-03   0.000000000000000000e+00 
  1.617087400518335202e-03   0.000000000000000000e+00 
  1.510308589786291339e-03   0.000000000000000000e+00 
 -2.124636666849254694e-03   0.000000000000000000e+00 
 -1.323702745139598846e-03   0.000000000000000000e+00 
  4.979837685823440552e-03   0.000000000000000000e+00 
  1.333097112365066788e-03   0.000000000000000000e+00 
  3.718515858054160638e-03   0.000000000000000000e+00 
  6.527104414999514506e-03   0.000000000000000000e+00 
 -1.333563327789305808e-01   0.000000000000000000e+00 
 -6.999370525591076505e-04   0.000000000000000000e+00 
 -1.181088387966154922e-03   0.000000000000000000e+00 
  7.408039178699320042e-03   0.000000000000000000e+00 
  4.332094639539719322e-02   0.000000000000000000e+00 
  7.855514064431192225e-03   0.000000000000000000e+00 
  4.420567769557238492e-03   0.000000000000000000e+00 
 -9.518788456916805751e-01   0.000000000000000000e+00 
  7.232231553643949686e-03   0.000000000000000000e+00 
  1.029887981712817799e-02   0.000000000000000000e+00 
  7.052349974401514736e-05   0.000000000000000000e+00 
  3.901332914829253040e-01   0.000000000000000000e+00 
  0.000000000000000000e+00   0.000000000000000000e+00 
  0.000000000000000000e+00   0.000000000000000000e+00 
  0.000000000000000000e+00   0.000000000000000000e+00 
  0.000000000000000000e+00   0.000000000000000000e+00 
  0.000000000000000000e+00   0.000000000000000000e+00 
  0.000000000000000000e+00   0.000000000000000000e+00 
  0.000000000000000000e+00   0.000000000000000000e+00 
  0.000000000000000000e+00   0.000000000000000000e+00 
  0.000000000000000000e+00   0.000000000000000000e+00 
  0.000000000000000000e+00   0.000000000000000000e+00 
  0.000000000000000000e+00   0.000000000000000000e+00 
  0.000000000000000000e+00   0.000000000000000000e+00 
  0.000000000000000000e+00   0.000000000000000000e+00 
  0.000000000000000000e+00   0.000000000000000000e+00 
  0.000000000000000000e+00   0.000000000000000000e+00 
  0.000000000000000000e+00   0.000000000000000000e+00 
  0.000000000000000000e+00   0.000000000000000000e+00 
  0.000000000000000000e+00   0.000000000000000000e+00 
  0.000000000000000000e+00   0.000000000000000000e+00 
  0.000000000000000000e+00   0.000000000000000000e+00 
  0.000000000000000000e+00   0.000000000000000000e+00 
  0.000000000000000000e+00   0.000000000000000000e+00 
  0.000000000000000000e+00   0.000000000000000000e+00 
  0.000000000000000000e+00   0.000000000000000000e+00 
  0.000000000000000000e+00   0.000000000000000000e+00 
  0.000000000000000000e+00   0.000000000000000000e+00 
  0.000000000000000000e+00   0.000000000000000000e+00 
  0.000000000000000000e+00   0.000000000000000000e+00 
  7.037654286250268239e-04   0.000000000000000000e+00 
 -8.367155678570270538e-03   0.000000000000000000e+00 
 -2.680467208847399623e-03   0.000000000000000000e+00 
  3.885798156261414948e-02   0.000000000000000000e+00 
  9.142447263002397365e-03   0.000000000000000000e+00 
 -1.340940478257836429e-03   0.000000000000000000e+00 
 -1.362216621637345193e-01   0.000000000000000000e+00 
 -1.397552490234373890e-01   0.000000000000000000e+00 
 -4.611937329173087206e-03   0.000000000000000000e+00 
  1.645582169294359381e-02   0.000000000000000000e+00 
  1.441907789558173093e-02   0.000000000000000000e+00 
 -2.200191142037510872e-03   0.000000000000000000e+00 
 -8.652242831885814667e-03   0.000000000000000000e+00 
 -2.393817761912941933e-03   0.000000000000000000e+00 
 -3.220522310584783120e-03   0.000000000000000000e+00 
  1.174563192762433615e-03   0.000000000000000000e+00 
  2.182014519348739277e-03   0.000000000000000000e+00 
  1.481902450323105136e-01   0.000000000000000000e+00 
 -5.539209023118017716e-02   0.000000000000000000e+00 
  1.917113200761377595e-03   0.000000000000000000e+00 
  2.236227737739682198e-03   0.000000000000000000e+00 
  3.322012349963178457e-02   0.000000000000000000e+00 
 -6.366166472434985069e-02   0.000000000000000000e+00 
  2.251112274825572274e-02   0.000000000000000000e+00 
 -1.229171175509691238e-02   0.000000000000000000e+00 
  2.308511286973952414e-01   0.000000000000000000e+00 
 -8.949562311172484241e-01   0.000000000000000000e+00 
 -4.612466436810763303e-04   0.000000000000000000e+00 
  0.000000000000000000e+00   0.000000000000000000e+00 
  0.000000000000000000e+00   0.000000000000000000e+00 
  0.000000000000000000e+00   0.000000000000000000e+00 
  0.000000000000000000e+00   0.000000000000000000e+00 
  0.000000000000000000e+00   0.000000000000000000e+00 
  0.000000000000000000e+00   0.000000000000000000e+00 
  0.000000000000000000e+00   0.000000000000000000e+00 
  0.000000000000000000e+00   0.000000000000000000e+00 
  0.000000000000000000e+00   0.000000000000000000e+00 
  0.000000000000000000e+00   0.000000000000000000e+00 
  0.000000000000000000e+00   0.000000000000000000e+00 
  0.000000000000000000e+00   0.000000000000000000e+00 
  0.000000000000000000e+00   0.000000000000000000e+00 
  0.000000000000000000e+00   0.000000000000000000e+00 
  0.000000000000000000e+00   0.000000000000000000e+00 
  0.000000000000000000e+00   0.000000000000000000e+00 
  0.000000000000000000e+00   0.000000000000000000e+00 
  0.000000000000000000e+00   0.000000000000000000e+00 
  0.000000000000000000e+00   0.000000000000000000e+00 
  0.000000000000000000e+00   0.000000000000000000e+00 
  0.000000000000000000e+00   0.000000000000000000e+00 
  0.000000000000000000e+00   0.000000000000000000e+00 
  0.000000000000000000e+00   0.000000000000000000e+00 
  0.000000000000000000e+00   0.000000000000000000e+00 
  0.000000000000000000e+00   0.000000000000000000e+00 
  0.000000000000000000e+00   0.000000000000000000e+00 
  0.000000000000000000e+00   0.000000000000000000e+00 
  0.000000000000000000e+00   0.000000000000000000e+00 
 -2.075115917250567807e-03   0.000000000000000000e+00 
 -2.434897003695369200e-03   0.000000000000000000e+00 
 -6.451249122619618498e-03   0.000000000000000000e+00 
  2.408480271697030495e-02   0.000000000000000000e+00 
 -3.637370467186003958e-02   0.000000000000000000e+00 
  8.249033126048713367e-04   0.000000000000000000e+00 
  1.503902822732925415e-01   0.000000000000000000e+00 
 -1.219434514641762474e-01   0.000000000000000000e+00 
 -4.629247821867465106e-03   0.000000000000000000e+00 
 -9.233844466507469539e-03   0.000000000000000000e+00 
  1.440416835248470306e-02   0.000000000000000000e+00 
  2.007446018978953362e-03   0.000000000000000000e+00 
 -2.292841672897339735e-03   0.000000000000000000e+00 
  5.833189003169535723e-03   0.000000000000000000e+00 
  8.372123353183269501e-03   0.000000000000000000e+00 
 -2.985995495691897653e-03   0.000000000000000000e+00 
  6.603658199310300132e-03   0.000000000000000000e+00 
 -6.814328581094741821e-02   0.000000000000000000e+00 
 -1.463699340820312222e-01   0.000000000000000000e+00 
 -2.181126037612560447e-03   0.000000000000000000e+00 
 -5.389596335589888314e-03   0.000000000000000000e+00 
  4.586596041917798822e-02   0.000000000000000000e+00 
  6.979644764214792269e-03   0.000000000000000000e+00 
  4.194161295890806718e-02   0.000000000000000000e+00 
 -1.102199312299489975e-02   0.000000000000000000e+00 
  9.069437980651853248e-01   0.000000000000000000e+00 
  2.438510805368423184e-01   0.000000000000000000e+00 
 -9.275574237108225387e-03   0.000000000000000000e+00 
