  0.000000000000000000e+00   0.000000000000000000e+00 
                         2 
                        56                         14 
  5.814156611457339200e-04   0.000000000000000000e+00 
 -1.244912296533585150e-01   0.000000000000000000e+00 
  6.356321973724476113e-04   0.000000000000000000e+00 
 -2.845002105459571318e-03   0.000000000000000000e+00 
  2.827681018970910529e-04   0.000000000000000000e+00 
 -1.353588607162239943e-02   0.000000000000000000e+00 
  3.577873285395640249e-04   0.000000000000000000e+00 
  2.382559236139060368e-03   0.000000000000000000e+00 
 -1.933056628331542015e-03   0.000000000000000000e+00 
  1.319398637861013412e-03   0.000000000000000000e+00 
 -1.429916825145482800e-03   0.000000000000000000e+00 
 -1.738723134621977589e-03   0.000000000000000000e+00 
  3.101430775132030249e-04   0.000000000000000000e+00 
  9.927872419357299805e-01   0.000000000000000000e+00 
 -7.136437343432646069e-04   0.000000000000000000e+00 
  1.574427485466003140e-01   0.000000000000000000e+00 
  8.504116558469854712e-04   0.000000000000000000e+00 
 -1.023385790176689625e-03   0.000000000000000000e+00 
 -9.326143772341312062e-04   0.000000000000000000e+00 
 -2.178574213758110566e-03   0.000000000000000000e+00 
 -9.697134373709560525e-04   0.000000000000000000e+00 
  3.497927682474259899e-04   0.000000000000000000e+00 
  8.209663064917609122e-05   0.000000000000000000e+00 
  1.690292507410049438e-01   0.000000000000000000e+00 
 -6.881259032524860873e-04   0.000000000000000000e+00 
 -1.182231935672461987e-03   0.000000000000000000e+00 
 -2.182441996410489950e-03   0.000000000000000000e+00 
 -1.413400918245314719e-01   0.000000000000000000e+00 
  0.000000000000000000e+00   0.000000000000000000e+00 
  0.000000000000000000e+00   0.000000000000000000e+00 
  0.000000000000000000e+00   0.000000000000000000e+00 
  0.000000000000000000e+00   0.000000000000000000e+00 
  0.000000000000000000e+00   0.000000000000000000e+00 
  0.000000000000000000e+00   0.000000000000000000e+00 
  0.000000000000000000e+00   0.000000000000000000e+00 
  0.000000000000000000e+00   0.000000000000000000e+00 
  0.000000000000000000e+00   0.000000000000000000e+00 
  0.000000000000000000e+00   0.000000000000000000e+00 
  0.000000000000000000e+00   0.000000000000000000e+00 
  0.000000000000000000e+00   0.000000000000000000e+00 
  0.000000000000000000e+00   0.000000000000000000e+00 
  0.000000000000000000e+00   0.000000000000000000e+00 
  0.000000000000000000e+00   0.000000000000000000e+00 
  0.000000000000000000e+00   0.000000000000000000e+00 
  0.000000000000000000e+00   0.000000000000000000e+00 
  0.000000000000000000e+00   0.000000000000000000e+00 
  0.000000000000000000e+00   0.000000000000000000e+00 
  0.000000000000000000e+00   0.000000000000000000e+00 
  0.000000000000000000e+00   0.000000000000000000e+00 
  0.000000000000000000e+00   0.000000000000000000e+00 
  0.000000000000000000e+00   0.000000000000000000e+00 
  0.000000000000000000e+00   0.000000000000000000e+00 
  0.000000000000000000e+00   0.000000000000000000e+00 
  0.000000000000000000e+00   0.000000000000000000e+00 
  0.000000000000000000e+00   0.000000000000000000e+00 
  0.000000000000000000e+00   0.000000000000000000e+00 
  6.471956148753827461e-04   0.000000000000000000e+00 
  1.243594801053516047e-03   0.000000000000000000e+00 
 -1.398230344057083685e-01   0.000000000000000000e+00 
 -1.397830666974186897e-03   0.000000000000000000e+00 
  6.268902216106656466e-04   0.000000000000000000e+00 
 -1.027725753374320993e-03   0.000000000000000000e+00 
  1.046383306384088135e-01   0.000000000000000000e+00 
 -1.228560693562031443e-03   0.000000000000000000e+00 
  2.015339443460107283e-03   0.000000000000000000e+00 
 -1.834618393331765912e-03   0.000000000000000000e+00 
  7.616280927322804928e-04   0.000000000000000000e+00 
 -1.676702755503356674e-03   0.000000000000000000e+00 
  1.908241538330912590e-03   0.000000000000000000e+00 
  5.848830915056124581e-04   0.000000000000000000e+00 
 -8.909305930137634277e-01   0.000000000000000000e+00 
  1.324512559221913805e-04   0.000000000000000000e+00 
 -4.045227766036987305e-01   0.000000000000000000e+00 
 -3.766806796193122864e-03   0.000000000000000000e+00 
  1.156186917796730995e-03   0.000000000000000000e+00 
  1.976674422621726556e-03   0.000000000000000000e+00 
  6.626723916269839894e-04   0.000000000000000000e+00 
 -6.636503967456522856e-04   0.000000000000000000e+00 
  9.309916058555238894e-04   0.000000000000000000e+00 
 -2.056610770523532080e-03   0.000000000000000000e+00 
 -9.282266348600386185e-02   0.000000000000000000e+00 
  2.068342640995979309e-03   0.000000000000000000e+00 
  1.735772821120918231e-03   0.000000000000000000e+00 
 -1.390912802889885877e-03   0.000000000000000000e+00 
  0.000000000000000000e+00   0.000000000000000000e+00 
  0.000000000000000000e+00   0.000000000000000000e+00 
  0.000000000000000000e+00   0.000000000000000000e+00 
  0.000000000000000000e+00   0.000000000000000000e+00 
  0.000000000000000000e+00   0.000000000000000000e+00 
  0.000000000000000000e+00   0.000000000000000000e+00 
  0.000000000000000000e+00   0.000000000000000000e+00 
  0.000000000000000000e+00   0.000000000000000000e+00 
  0.000000000000000000e+00   0.000000000000000000e+00 
  0.000000000000000000e+00   0.000000000000000000e+00 
  0.000000000000000000e+00   0.000000000000000000e+00 
  0.000000000000000000e+00   0.000000000000000000e+00 
  0.000000000000000000e+00   0.000000000000000000e+00 
  0.000000000000000000e+00   0.000000000000000000e+00 
  0.000000000000000000e+00   0.000000000000000000e+00 
  0.000000000000000000e+00   0.000000000000000000e+00 
  0.000000000000000000e+00   0.000000000000000000e+00 
  0.000000000000000000e+00   0.000000000000000000e+00 
  0.000000000000000000e+00   0.000000000000000000e+00 
  0.000000000000000000e+00   0.000000000000000000e+00 
  0.000000000000000000e+00   0.000000000000000000e+00 
  0.000000000000000000e+00   0.000000000000000000e+00 
  0.000000000000000000e+00   0.000000000000000000e+00 
  0.000000000000000000e+00   0.000000000000000000e+00 
  0.000000000000000000e+00   0.000000000000000000e+00 
  0.000000000000000000e+00   0.000000000000000000e+00 
  0.000000000000000000e+00   0.000000000000000000e+00 
  0.000000000000000000e+00   0.000000000000000000e+00 
  1.553938840514624414e-03   0.000000000000000000e+00 
 -9.230602532625167833e-02   0.000000000000000000e+00 
 -6.483417004346714828e-03   0.000000000000000000e+00 
  2.394393552094697085e-03   0.000000000000000000e+00 
 -1.265321741811931133e-03   0.000000000000000000e+00 
  7.321769744157784199e-02   0.000000000000000000e+00 
  2.231116639450211100e-03   0.000000000000000000e+00 
  8.639437728561465309e-04   0.000000000000000000e+00 
  5.766214337199927244e-03   0.000000000000000000e+00 
 -2.653178293257950869e-03   0.000000000000000000e+00 
 -5.969939753413200378e-03   0.000000000000000000e+00 
 -3.149346448481082916e-03   0.000000000000000000e+00 
  2.035974524915218353e-03   0.000000000000000000e+00 
 -1.501937955617904108e-01   0.000000000000000000e+00 
  1.252805581316362733e-03   0.000000000000000000e+00 
 -6.337466090917591444e-02   0.000000000000000000e+00 
  1.829138956964070388e-03   0.000000000000000000e+00 
  1.267321204068139738e-04   0.000000000000000000e+00 
  4.636658122763036055e-04   0.000000000000000000e+00 
  2.164306351915001436e-03   0.000000000000000000e+00 
  2.459876937791703830e-03   0.000000000000000000e+00 
 -8.379578590393066406e-03   0.000000000000000000e+00 
 -8.225723868235939196e-04   0.000000000000000000e+00 
 -2.637822367250914485e-02   0.000000000000000000e+00 
  8.612894453108182330e-03   0.000000000000000000e+00 
 -3.398403059691190720e-03   0.000000000000000000e+00 
  2.211774466559290886e-03   0.000000000000000000e+00 
 -1.008980751037597656e+00   0.000000000000000000e+00 
  0.000000000000000000e+00   0.000000000000000000e+00 
  0.000000000000000000e+00   0.000000000000000000e+00 
  0.000000000000000000e+00   0.000000000000000000e+00 
  0.000000000000000000e+00   0.000000000000000000e+00 
  0.000000000000000000e+00   0.000000000000000000e+00 
  0.000000000000000000e+00   0.000000000000000000e+00 
  0.000000000000000000e+00   0.000000000000000000e+00 
  0.000000000000000000e+00   0.000000000000000000e+00 
  0.000000000000000000e+00   0.000000000000000000e+00 
  0.000000000000000000e+00   0.000000000000000000e+00 
  0.000000000000000000e+00   0.000000000000000000e+00 
  0.000000000000000000e+00   0.000000000000000000e+00 
  0.000000000000000000e+00   0.000000000000000000e+00 
  0.000000000000000000e+00   0.000000000000000000e+00 
  0.000000000000000000e+00   0.000000000000000000e+00 
  0.000000000000000000e+00   0.000000000000000000e+00 
  0.000000000000000000e+00   0.000000000000000000e+00 
  0.000000000000000000e+00   0.000000000000000000e+00 
  0.000000000000000000e+00   0.000000000000000000e+00 
  0.000000000000000000e+00   0.000000000000000000e+00 
  0.000000000000000000e+00   0.000000000000000000e+00 
  0.000000000000000000e+00   0.000000000000000000e+00 
  0.000000000000000000e+00   0.000000000000000000e+00 
  0.000000000000000000e+00   0.000000000000000000e+00 
  0.000000000000000000e+00   0.000000000000000000e+00 
  0.000000000000000000e+00   0.000000000000000000e+00 
  0.000000000000000000e+00   0.000000000000000000e+00 
  0.000000000000000000e+00   0.000000000000000000e+00 
  4.489611089229741253e-02   0.000000000000000000e+00 
  9.125461801886535981e-03   0.000000000000000000e+00 
  3.527107834815975534e-02   0.000000000000000000e+00 
  1.533749047666788318e-03   0.000000000000000000e+00 
  1.659571658819912997e-03   0.000000000000000000e+00 
  1.686606556177130609e-02   0.000000000000000000e+00 
 -8.771831542253487324e-02   0.000000000000000000e+00 
 -4.932150477543494928e-04   0.000000000000000000e+00 
  3.733750665560362555e-03   0.000000000000000000e+00 
  6.771921180188654769e-04   0.000000000000000000e+00 
  2.175274305045604272e-03   0.000000000000000000e+00 
  4.398358054459095869e-03   0.000000000000000000e+00 
 -6.011120043694972992e-03   0.000000000000000000e+00 
 -1.819201395846954498e-03   0.000000000000000000e+00 
 -8.639397472143171830e-02   0.000000000000000000e+00 
  1.252453867346052171e-02   0.000000000000000000e+00 
 -4.104713723063475178e-02   0.000000000000000000e+00 
  2.484363503754138947e-03   0.000000000000000000e+00 
 -7.044678553938865662e-03   0.000000000000000000e+00 
  9.760749526321887970e-03   0.000000000000000000e+00 
  6.542462389916180697e-03   0.000000000000000000e+00 
  2.254574093967674862e-03   0.000000000000000000e+00 
  3.812953829765319824e-03   0.000000000000000000e+00 
 -1.465728506445740723e-03   0.000000000000000000e+00 
  1.034362316131592019e+00   0.000000000000000000e+00 
  7.042991928756229441e-04   0.000000000000000000e+00 
  2.846855903044343862e-03   0.000000000000000000e+00 
 -2.298400271683873671e-03   0.000000000000000000e+00 
  0.000000000000000000e+00   0.000000000000000000e+00 
  0.000000000000000000e+00   0.000000000000000000e+00 
  0.000000000000000000e+00   0.000000000000000000e+00 
  0.000000000000000000e+00   0.000000000000000000e+00 
  0.000000000000000000e+00   0.000000000000000000e+00 
  0.000000000000000000e+00   0.000000000000000000e+00 
  0.000000000000000000e+00   0.000000000000000000e+00 
  0.000000000000000000e+00   0.000000000000000000e+00 
  0.000000000000000000e+00   0.000000000000000000e+00 
  0.000000000000000000e+00   0.000000000000000000e+00 
  0.000000000000000000e+00   0.000000000000000000e+00 
  0.000000000000000000e+00   0.000000000000000000e+00 
  0.000000000000000000e+00   0.000000000000000000e+00 
  0.000000000000000000e+00   0.000000000000000000e+00 
  0.000000000000000000e+00   0.000000000000000000e+00 
  0.000000000000000000e+00   0.000000000000000000e+00 
  0.000000000000000000e+00   0.000000000000000000e+00 
  0.000000000000000000e+00   0.000000000000000000e+00 
  0.000000000000000000e+00   0.000000000000000000e+00 
  0.000000000000000000e+00   0.000000000000000000e+00 
  0.000000000000000000e+00   0.000000000000000000e+00 
  0.000000000000000000e+00   0.000000000000000000e+00 
  0.000000000000000000e+00   0.000000000000000000e+00 
  0.000000000000000000e+00   0.000000000000000000e+00 
  0.000000000000000000e+00   0.000000000000000000e+00 
  0.000000000000000000e+00   0.000000000000000000e+00 
  0.000000000000000000e+00   0.000000000000000000e+00 
  0.000000000000000000e+00   0.000000000000000000e+00 
  5.936307832597474514e-03   0.000000000000000000e+00 
  6.106329336762422039e-02   0.000000000000000000e+00 
 -3.843419486656796721e-03   0.000000000000000000e+00 
  2.990086562931538929e-03   0.000000000000000000e+00 
 -6.716646603308622406e-04   0.000000000000000000e+00 
  6.333217024803160233e-02   0.000000000000000000e+00 
  1.460995990782951517e-02   0.000000000000000000e+00 
  7.618627278134205115e-04   0.000000000000000000e+00 
 -2.362986560910942339e-03   0.000000000000000000e+00 
  1.361597096547480603e-04   0.000000000000000000e+00 
  3.333355125505460385e-04   0.000000000000000000e+00 
 -2.889544237405062155e-03   0.000000000000000000e+00 
 -6.879324791952967644e-04   0.000000000000000000e+00 
  1.946389526128768366e-01   0.000000000000000000e+00 
 -1.690275780856610732e-02   0.000000000000000000e+00 
 -1.768218874931335727e-01   0.000000000000000000e+00 
  2.028940245509139317e-02   0.000000000000000000e+00 
 -4.636121448129415512e-03   0.000000000000000000e+00 
  2.713315188884735107e-03   0.000000000000000000e+00 
  6.328525021672247973e-03   0.000000000000000000e+00 
  7.220083352876932830e-05   0.000000000000000000e+00 
  8.698764257133007050e-03   0.000000000000000000e+00 
  4.381521139293908206e-03   0.000000000000000000e+00 
 -9.648458361625670276e-01   0.000000000000000000e+00 
  1.728752441704265938e-02   0.000000000000000000e+00 
  7.724235299974679080e-03   0.000000000000000000e+00 
 -1.874427427537737759e-03   0.000000000000000000e+00 
 -3.642913419753329978e-03   0.000000000000000000e+00 
  0.000000000000000000e+00   0.000000000000000000e+00 
  0.000000000000000000e+00   0.000000000000000000e+00 
  0.000000000000000000e+00   0.000000000000000000e+00 
  0.000000000000000000e+00   0.000000000000000000e+00 
  0.000000000000000000e+00   0.000000000000000000e+00 
  0.000000000000000000e+00   0.000000000000000000e+00 
  0.000000000000000000e+00   0.000000000000000000e+00 
  0.000000000000000000e+00   0.000000000000000000e+00 
  0.000000000000000000e+00   0.000000000000000000e+00 
  0.000000000000000000e+00   0.000000000000000000e+00 
  0.000000000000000000e+00   0.000000000000000000e+00 
  0.000000000000000000e+00   0.000000000000000000e+00 
  0.000000000000000000e+00   0.000000000000000000e+00 
  0.000000000000000000e+00   0.000000000000000000e+00 
  0.000000000000000000e+00   0.000000000000000000e+00 
  0.000000000000000000e+00   0.000000000000000000e+00 
  0.000000000000000000e+00   0.000000000000000000e+00 
  0.000000000000000000e+00   0.000000000000000000e+00 
  0.000000000000000000e+00   0.000000000000000000e+00 
  0.000000000000000000e+00   0.000000000000000000e+00 
  0.000000000000000000e+00   0.000000000000000000e+00 
  0.000000000000000000e+00   0.000000000000000000e+00 
  0.000000000000000000e+00   0.000000000000000000e+00 
  0.000000000000000000e+00   0.000000000000000000e+00 
  0.000000000000000000e+00   0.000000000000000000e+00 
  0.000000000000000000e+00   0.000000000000000000e+00 
  0.000000000000000000e+00   0.000000000000000000e+00 
  0.000000000000000000e+00   0.000000000000000000e+00 
  9.580338955856811979e-04   0.000000000000000000e+00 
  3.171750344336033301e-03   0.000000000000000000e+00 
  2.437957737129167529e-04   0.000000000000000000e+00 
 -5.876663140952593199e-03   0.000000000000000000e+00 
 -4.376676224636527612e-04   0.000000000000000000e+00 
 -1.022545271553098939e-03   0.000000000000000000e+00 
 -7.636417867615823314e-04   0.000000000000000000e+00 
 -2.599159197415831812e-04   0.000000000000000000e+00 
  9.457655251026198667e-03   0.000000000000000000e+00 
  6.518135964870445942e-02   0.000000000000000000e+00 
  2.215542048215866922e-01   0.000000000000000000e+00 
 -3.744041547179221673e-03   0.000000000000000000e+00 
 -2.008292176469695501e-05   0.000000000000000000e+00 
  3.076841356232762337e-03   0.000000000000000000e+00 
  5.259765777736902237e-03   0.000000000000000000e+00 
 -1.432355027645827207e-03   0.000000000000000000e+00 
 -5.488652735948562622e-03   0.000000000000000000e+00 
  9.538962505757808685e-03   0.000000000000000000e+00 
 -4.379378166049718857e-03   0.000000000000000000e+00 
  1.460886932909494229e-02   0.000000000000000000e+00 
  3.193807601928708856e-02   0.000000000000000000e+00 
 -1.681188791990280151e-01   0.000000000000000000e+00 
  6.550470739603045378e-02   0.000000000000000000e+00 
  2.770641585811973052e-03   0.000000000000000000e+00 
 -1.293534878641366959e-03   0.000000000000000000e+00 
  4.626612663269042414e-01   0.000000000000000000e+00 
 -8.188526630401613549e-01   0.000000000000000000e+00 
 -1.641659182496368885e-03   0.000000000000000000e+00 
  0.000000000000000000e+00   0.000000000000000000e+00 
  0.000000000000000000e+00   0.000000000000000000e+00 
  0.000000000000000000e+00   0.000000000000000000e+00 
  0.000000000000000000e+00   0.000000000000000000e+00 
  0.000000000000000000e+00   0.000000000000000000e+00 
  0.000000000000000000e+00   0.000000000000000000e+00 
  0.000000000000000000e+00   0.000000000000000000e+00 
  0.000000000000000000e+00   0.000000000000000000e+00 
  0.000000000000000000e+00   0.000000000000000000e+00 
  0.000000000000000000e+00   0.000000000000000000e+00 
  0.000000000000000000e+00   0.000000000000000000e+00 
  0.000000000000000000e+00   0.000000000000000000e+00 
  0.000000000000000000e+00   0.000000000000000000e+00 
  0.000000000000000000e+00   0.000000000000000000e+00 
  0.000000000000000000e+00   0.000000000000000000e+00 
  0.000000000000000000e+00   0.000000000000000000e+00 
  0.000000000000000000e+00   0.000000000000000000e+00 
  0.000000000000000000e+00   0.000000000000000000e+00 
  0.000000000000000000e+00   0.000000000000000000e+00 
  0.000000000000000000e+00   0.000000000000000000e+00 
  0.000000000000000000e+00   0.000000000000000000e+00 
  0.000000000000000000e+00   0.000000000000000000e+00 
  0.000000000000000000e+00   0.000000000000000000e+00 
  0.000000000000000000e+00   0.000000000000000000e+00 
  0.000000000000000000e+00   0.000000000000000000e+00 
  0.000000000000000000e+00   0.000000000000000000e+00 
  0.000000000000000000e+00   0.000000000000000000e+00 
  0.000000000000000000e+00   0.000000000000000000e+00 
  1.527517801150678287e-03   0.000000000000000000e+00 
  3.281863173469900651e-03   0.000000000000000000e+00 
 -3.904844401404260722e-03   0.000000000000000000e+00 
 -6.557967513799724604e-03   0.000000000000000000e+00 
 -6.372498814016311700e-03   0.000000000000000000e+00 
 -2.949793124571443471e-03   0.000000000000000000e+00 
  1.889749546535312262e-03   0.000000000000000000e+00 
  1.094066421501349324e-03   0.000000000000000000e+00 
 -8.228663355111081592e-04   0.000000000000000000e+00 
 -2.251869440078734796e-01   0.000000000000000000e+00 
  6.823395937681218937e-02   0.000000000000000000e+00 
  2.587063005194068389e-03   0.000000000000000000e+00 
 -5.611749365925788879e-03   0.000000000000000000e+00 
 -1.383462105877697685e-03   0.000000000000000000e+00 
  3.996944054961204529e-03   0.000000000000000000e+00 
  4.084312357008458051e-03   0.000000000000000000e+00 
 -2.462401054799556732e-03   0.000000000000000000e+00 
 -7.496656849980354309e-03   0.000000000000000000e+00 
 -4.433445166796445847e-03   0.000000000000000000e+00 
 -1.393722742795925999e-02   0.000000000000000000e+00 
 -4.612943623215013007e-03   0.000000000000000000e+00 
  6.491245329380031237e-02   0.000000000000000000e+00 
  1.640508770942690486e-01   0.000000000000000000e+00 
 -2.747021149843930331e-03   0.000000000000000000e+00 
  5.600206088274719066e-03   0.000000000000000000e+00 
 -8.182953000068664551e-01   0.000000000000000000e+00 
 -4.682338535785676159e-01   0.000000000000000000e+00 
 -3.305798629298806190e-03   0.000000000000000000e+00 
  0.000000000000000000e+00   0.000000000000000000e+00 
  0.000000000000000000e+00   0.000000000000000000e+00 
  0.000000000000000000e+00   0.000000000000000000e+00 
  0.000000000000000000e+00   0.000000000000000000e+00 
  0.000000000000000000e+00   0.000000000000000000e+00 
  0.000000000000000000e+00   0.000000000000000000e+00 
  0.000000000000000000e+00   0.000000000000000000e+00 
  0.000000000000000000e+00   0.000000000000000000e+00 
  0.000000000000000000e+00   0.000000000000000000e+00 
  0.000000000000000000e+00   0.000000000000000000e+00 
  0.000000000000000000e+00   0.000000000000000000e+00 
  0.000000000000000000e+00   0.000000000000000000e+00 
  0.000000000000000000e+00   0.000000000000000000e+00 
  0.000000000000000000e+00   0.000000000000000000e+00 
  0.000000000000000000e+00   0.000000000000000000e+00 
  0.000000000000000000e+00   0.000000000000000000e+00 
  0.000000000000000000e+00   0.000000000000000000e+00 
  0.000000000000000000e+00   0.000000000000000000e+00 
  0.000000000000000000e+00   0.000000000000000000e+00 
  0.000000000000000000e+00   0.000000000000000000e+00 
  0.000000000000000000e+00   0.000000000000000000e+00 
  0.000000000000000000e+00   0.000000000000000000e+00 
  0.000000000000000000e+00   0.000000000000000000e+00 
  0.000000000000000000e+00   0.000000000000000000e+00 
  0.000000000000000000e+00   0.000000000000000000e+00 
  0.000000000000000000e+00   0.000000000000000000e+00 
  0.000000000000000000e+00   0.000000000000000000e+00 
  0.000000000000000000e+00   0.000000000000000000e+00 
  0.000000000000000000e+00   0.000000000000000000e+00 
  0.000000000000000000e+00   0.000000000000000000e+00 
  0.000000000000000000e+00   0.000000000000000000e+00 
  0.000000000000000000e+00   0.000000000000000000e+00 
  0.000000000000000000e+00   0.000000000000000000e+00 
  0.000000000000000000e+00   0.000000000000000000e+00 
  0.000000000000000000e+00   0.000000000000000000e+00 
  0.000000000000000000e+00   0.000000000000000000e+00 
  0.000000000000000000e+00   0.000000000000000000e+00 
  0.000000000000000000e+00   0.000000000000000000e+00 
  0.000000000000000000e+00   0.000000000000000000e+00 
  0.000000000000000000e+00   0.000000000000000000e+00 
  0.000000000000000000e+00   0.000000000000000000e+00 
  0.000000000000000000e+00   0.000000000000000000e+00 
  0.000000000000000000e+00   0.000000000000000000e+00 
  0.000000000000000000e+00   0.000000000000000000e+00 
  0.000000000000000000e+00   0.000000000000000000e+00 
  0.000000000000000000e+00   0.000000000000000000e+00 
  0.000000000000000000e+00   0.000000000000000000e+00 
  0.000000000000000000e+00   0.000000000000000000e+00 
  0.000000000000000000e+00   0.000000000000000000e+00 
  0.000000000000000000e+00   0.000000000000000000e+00 
  0.000000000000000000e+00   0.000000000000000000e+00 
  0.000000000000000000e+00   0.000000000000000000e+00 
  0.000000000000000000e+00   0.000000000000000000e+00 
  0.000000000000000000e+00   0.000000000000000000e+00 
  0.000000000000000000e+00   0.000000000000000000e+00 
  0.000000000000000000e+00   0.000000000000000000e+00 
  1.155918347649991613e-03   0.000000000000000000e+00 
 -1.528334170579911111e-01   0.000000000000000000e+00 
  7.906755199654272835e-04   0.000000000000000000e+00 
 -2.534708473831415610e-03   0.000000000000000000e+00 
  4.048851551488042962e-04   0.000000000000000000e+00 
 -2.653141319751742624e-02   0.000000000000000000e+00 
  1.146893599070747611e-03   0.000000000000000000e+00 
  2.688138047233225216e-03   0.000000000000000000e+00 
 -2.289455849677324729e-03   0.000000000000000000e+00 
  1.139082596637308381e-03   0.000000000000000000e+00 
 -7.680858834646643292e-04   0.000000000000000000e+00 
 -5.504494765773412313e-04   0.000000000000000000e+00 
 -1.732794044073671103e-04   0.000000000000000000e+00 
  9.660198688507080078e-01   0.000000000000000000e+00 
 -1.432043034583249923e-03   0.000000000000000000e+00 
  1.729727387428283414e-01   0.000000000000000000e+00 
  2.084049163386226134e-03   0.000000000000000000e+00 
 -1.723324647173285484e-03   0.000000000000000000e+00 
 -2.144058002158999443e-03   0.000000000000000000e+00 
 -2.178464317694306374e-03   0.000000000000000000e+00 
 -1.095013110898434899e-03   0.000000000000000000e+00 
  6.195314344950025734e-04   0.000000000000000000e+00 
 -5.499616963788829727e-05   0.000000000000000000e+00 
  1.445513516664505005e-01   0.000000000000000000e+00 
  2.756422909442577144e-04   0.000000000000000000e+00 
 -8.670209208503363348e-04   0.000000000000000000e+00 
 -9.791436605155472324e-04   0.000000000000000000e+00 
 -1.284032613039016169e-01   0.000000000000000000e+00 
  0.000000000000000000e+00   0.000000000000000000e+00 
  0.000000000000000000e+00   0.000000000000000000e+00 
  0.000000000000000000e+00   0.000000000000000000e+00 
  0.000000000000000000e+00   0.000000000000000000e+00 
  0.000000000000000000e+00   0.000000000000000000e+00 
  0.000000000000000000e+00   0.000000000000000000e+00 
  0.000000000000000000e+00   0.000000000000000000e+00 
  0.000000000000000000e+00   0.000000000000000000e+00 
  0.000000000000000000e+00   0.000000000000000000e+00 
  0.000000000000000000e+00   0.000000000000000000e+00 
  0.000000000000000000e+00   0.000000000000000000e+00 
  0.000000000000000000e+00   0.000000000000000000e+00 
  0.000000000000000000e+00   0.000000000000000000e+00 
  0.000000000000000000e+00   0.000000000000000000e+00 
  0.000000000000000000e+00   0.000000000000000000e+00 
  0.000000000000000000e+00   0.000000000000000000e+00 
  0.000000000000000000e+00   0.000000000000000000e+00 
  0.000000000000000000e+00   0.000000000000000000e+00 
  0.000000000000000000e+00   0.000000000000000000e+00 
  0.000000000000000000e+00   0.000000000000000000e+00 
  0.000000000000000000e+00   0.000000000000000000e+00 
  0.000000000000000000e+00   0.000000000000000000e+00 
  0.000000000000000000e+00   0.000000000000000000e+00 
  0.000000000000000000e+00   0.000000000000000000e+00 
  0.000000000000000000e+00   0.000000000000000000e+00 
  0.000000000000000000e+00   0.000000000000000000e+00 
  0.000000000000000000e+00   0.000000000000000000e+00 
  0.000000000000000000e+00   0.000000000000000000e+00 
 -8.044320158659379674e-03   0.000000000000000000e+00 
  1.846492290496934809e-03   0.000000000000000000e+00 
 -1.173538938164711276e-01   0.000000000000000000e+00 
 -1.503450796008109613e-03   0.000000000000000000e+00 
  6.386424647644163262e-04   0.000000000000000000e+00 
 -3.394112573004506601e-04   0.000000000000000000e+00 
  1.252802759408952193e-01   0.000000000000000000e+00 
 -1.035592635162175135e-03   0.000000000000000000e+00 
  6.227008416317404401e-04   0.000000000000000000e+00 
 -1.287160674110054970e-03   0.000000000000000000e+00 
  8.868611766956745494e-04   0.000000000000000000e+00 
 -2.632263582199811935e-03   0.000000000000000000e+00 
  2.363526495173573494e-03   0.000000000000000000e+00 
  3.093422157689926840e-03   0.000000000000000000e+00 
 -8.744049072265625000e-01   0.000000000000000000e+00 
 -6.604378577321903332e-04   0.000000000000000000e+00 
 -4.350135922431945801e-01   0.000000000000000000e+00 
 -3.142233239486813545e-03   0.000000000000000000e+00 
  4.357275029178707165e-04   0.000000000000000000e+00 
  6.882827146910127725e-04   0.000000000000000000e+00 
 -1.146176946349441788e-03   0.000000000000000000e+00 
 -4.674617666751146859e-04   0.000000000000000000e+00 
  1.567091559991239634e-03   0.000000000000000000e+00 
 -2.871472155675272499e-03   0.000000000000000000e+00 
 -8.052989095449446244e-02   0.000000000000000000e+00 
  1.215202151797712066e-03   0.000000000000000000e+00 
  2.627798588946462545e-03   0.000000000000000000e+00 
 -1.258014002814830624e-03   0.000000000000000000e+00 
  0.000000000000000000e+00   0.000000000000000000e+00 
  0.000000000000000000e+00   0.000000000000000000e+00 
  0.000000000000000000e+00   0.000000000000000000e+00 
  0.000000000000000000e+00   0.000000000000000000e+00 
  0.000000000000000000e+00   0.000000000000000000e+00 
  0.000000000000000000e+00   0.000000000000000000e+00 
  0.000000000000000000e+00   0.000000000000000000e+00 
  0.000000000000000000e+00   0.000000000000000000e+00 
  0.000000000000000000e+00   0.000000000000000000e+00 
  0.000000000000000000e+00   0.000000000000000000e+00 
  0.000000000000000000e+00   0.000000000000000000e+00 
  0.000000000000000000e+00   0.000000000000000000e+00 
  0.000000000000000000e+00   0.000000000000000000e+00 
  0.000000000000000000e+00   0.000000000000000000e+00 
  0.000000000000000000e+00   0.000000000000000000e+00 
  0.000000000000000000e+00   0.000000000000000000e+00 
  0.000000000000000000e+00   0.000000000000000000e+00 
  0.000000000000000000e+00   0.000000000000000000e+00 
  0.000000000000000000e+00   0.000000000000000000e+00 
  0.000000000000000000e+00   0.000000000000000000e+00 
  0.000000000000000000e+00   0.000000000000000000e+00 
  0.000000000000000000e+00   0.000000000000000000e+00 
  0.000000000000000000e+00   0.000000000000000000e+00 
  0.000000000000000000e+00   0.000000000000000000e+00 
  0.000000000000000000e+00   0.000000000000000000e+00 
  0.000000000000000000e+00   0.000000000000000000e+00 
  0.000000000000000000e+00   0.000000000000000000e+00 
  0.000000000000000000e+00   0.000000000000000000e+00 
  9.617006871836577533e-04   0.000000000000000000e+00 
 -9.583425521850556794e-02   0.000000000000000000e+00 
 -6.554085295647252632e-03   0.000000000000000000e+00 
  2.980062272399662624e-03   0.000000000000000000e+00 
 -1.311623724177479744e-03   0.000000000000000000e+00 
  7.837717980146401142e-02   0.000000000000000000e+00 
  1.694857026450355712e-03   0.000000000000000000e+00 
  5.513071664609017156e-04   0.000000000000000000e+00 
  6.193970795720816526e-03   0.000000000000000000e+00 
 -2.536358777433632937e-03   0.000000000000000000e+00 
 -5.951500963419676694e-03   0.000000000000000000e+00 
 -3.959794994443655014e-03   0.000000000000000000e+00 
  1.964247087016701698e-03   0.000000000000000000e+00 
 -1.457589268684386652e-01   0.000000000000000000e+00 
  1.962133916094910887e-03   0.000000000000000000e+00 
 -6.948523968458179823e-02   0.000000000000000000e+00 
  2.102781145368310507e-04   0.000000000000000000e+00 
  8.521130075678234753e-05   0.000000000000000000e+00 
  1.682840287685394070e-03   0.000000000000000000e+00 
  1.885887118987739086e-03   0.000000000000000000e+00 
  2.993712201714514385e-03   0.000000000000000000e+00 
 -8.987091481685638428e-03   0.000000000000000000e+00 
 -4.609430616255844179e-04   0.000000000000000000e+00 
 -2.071874029934401076e-02   0.000000000000000000e+00 
  8.763324469327800001e-03   0.000000000000000000e+00 
 -3.304347628727555275e-03   0.000000000000000000e+00 
  2.102579688653349443e-03   0.000000000000000000e+00 
 -1.000804305076599121e+00   0.000000000000000000e+00 
  0.000000000000000000e+00   0.000000000000000000e+00 
  0.000000000000000000e+00   0.000000000000000000e+00 
  0.000000000000000000e+00   0.000000000000000000e+00 
  0.000000000000000000e+00   0.000000000000000000e+00 
  0.000000000000000000e+00   0.000000000000000000e+00 
  0.000000000000000000e+00   0.000000000000000000e+00 
  0.000000000000000000e+00   0.000000000000000000e+00 
  0.000000000000000000e+00   0.000000000000000000e+00 
  0.000000000000000000e+00   0.000000000000000000e+00 
  0.000000000000000000e+00   0.000000000000000000e+00 
  0.000000000000000000e+00   0.000000000000000000e+00 
  0.000000000000000000e+00   0.000000000000000000e+00 
  0.000000000000000000e+00   0.000000000000000000e+00 
  0.000000000000000000e+00   0.000000000000000000e+00 
  0.000000000000000000e+00   0.000000000000000000e+00 
  0.000000000000000000e+00   0.000000000000000000e+00 
  0.000000000000000000e+00   0.000000000000000000e+00 
  0.000000000000000000e+00   0.000000000000000000e+00 
  0.000000000000000000e+00   0.000000000000000000e+00 
  0.000000000000000000e+00   0.000000000000000000e+00 
  0.000000000000000000e+00   0.000000000000000000e+00 
  0.000000000000000000e+00   0.000000000000000000e+00 
  0.000000000000000000e+00   0.000000000000000000e+00 
  0.000000000000000000e+00   0.000000000000000000e+00 
  0.000000000000000000e+00   0.000000000000000000e+00 
  0.000000000000000000e+00   0.000000000000000000e+00 
  0.000000000000000000e+00   0.000000000000000000e+00 
  0.000000000000000000e+00   0.000000000000000000e+00 
  4.558572918176808514e-02   0.000000000000000000e+00 
  9.726949036121347592e-03   0.000000000000000000e+00 
  3.458130359649654734e-02   0.000000000000000000e+00 
  7.885990780778224900e-04   0.000000000000000000e+00 
  3.730100288521485431e-04   0.000000000000000000e+00 
  1.754765398800364404e-02   0.000000000000000000e+00 
 -9.108839184045784687e-02   0.000000000000000000e+00 
 -1.394574646838029686e-04   0.000000000000000000e+00 
  4.144990351051091280e-03   0.000000000000000000e+00 
  1.500193378888070583e-03   0.000000000000000000e+00 
  2.990151289850473404e-03   0.000000000000000000e+00 
  3.558704396709799767e-03   0.000000000000000000e+00 
 -4.914790857583284378e-03   0.000000000000000000e+00 
 -5.421915557235994351e-04   0.000000000000000000e+00 
 -8.984930813312529130e-02   0.000000000000000000e+00 
  1.268588006496433260e-02   0.000000000000000000e+00 
 -3.635685145854956196e-02   0.000000000000000000e+00 
 -5.188405048102141511e-04   0.000000000000000000e+00 
 -1.508222776465117715e-03   0.000000000000000000e+00 
  7.773490622639656067e-03   0.000000000000000000e+00 
  6.074383389204739657e-03   0.000000000000000000e+00 
  1.511829439550637331e-03   0.000000000000000000e+00 
  4.169530235230922699e-03   0.000000000000000000e+00 
 -6.142384372650145849e-04   0.000000000000000000e+00 
  1.029366254806518777e+00   0.000000000000000000e+00 
  1.559317926876246279e-03   0.000000000000000000e+00 
  2.240609610453248024e-03   0.000000000000000000e+00 
 -1.770447008311690825e-03   0.000000000000000000e+00 
  0.000000000000000000e+00   0.000000000000000000e+00 
  0.000000000000000000e+00   0.000000000000000000e+00 
  0.000000000000000000e+00   0.000000000000000000e+00 
  0.000000000000000000e+00   0.000000000000000000e+00 
  0.000000000000000000e+00   0.000000000000000000e+00 
  0.000000000000000000e+00   0.000000000000000000e+00 
  0.000000000000000000e+00   0.000000000000000000e+00 
  0.000000000000000000e+00   0.000000000000000000e+00 
  0.000000000000000000e+00   0.000000000000000000e+00 
  0.000000000000000000e+00   0.000000000000000000e+00 
  0.000000000000000000e+00   0.000000000000000000e+00 
  0.000000000000000000e+00   0.000000000000000000e+00 
  0.000000000000000000e+00   0.000000000000000000e+00 
  0.000000000000000000e+00   0.000000000000000000e+00 
  0.000000000000000000e+00   0.000000000000000000e+00 
  0.000000000000000000e+00   0.000000000000000000e+00 
  0.000000000000000000e+00   0.000000000000000000e+00 
  0.000000000000000000e+00   0.000000000000000000e+00 
  0.000000000000000000e+00   0.000000000000000000e+00 
  0.000000000000000000e+00   0.000000000000000000e+00 
  0.000000000000000000e+00   0.000000000000000000e+00 
  0.000000000000000000e+00   0.000000000000000000e+00 
  0.000000000000000000e+00   0.000000000000000000e+00 
  0.000000000000000000e+00   0.000000000000000000e+00 
  0.000000000000000000e+00   0.000000000000000000e+00 
  0.000000000000000000e+00   0.000000000000000000e+00 
  0.000000000000000000e+00   0.000000000000000000e+00 
  0.000000000000000000e+00   0.000000000000000000e+00 
  5.948138423262806264e-03   0.000000000000000000e+00 
  5.411586537957184528e-02   0.000000000000000000e+00 
 -4.420165438205013279e-03   0.000000000000000000e+00 
  2.298295963555576586e-03   0.000000000000000000e+00 
 -4.101374943275002999e-04   0.000000000000000000e+00 
  6.362330913543699784e-02   0.000000000000000000e+00 
  1.466040592640613371e-02   0.000000000000000000e+00 
  1.033955486491320132e-03   0.000000000000000000e+00 
 -2.901621628552676982e-03   0.000000000000000000e+00 
  1.134958438342431998e-04   0.000000000000000000e+00 
  1.092534745112059983e-03   0.000000000000000000e+00 
 -1.217930228449404673e-03   0.000000000000000000e+00 
 -7.319036521948873997e-04   0.000000000000000000e+00 
  1.837364584207534235e-01   0.000000000000000000e+00 
 -1.741817221045495467e-02   0.000000000000000000e+00 
 -1.677192300558090488e-01   0.000000000000000000e+00 
  2.089766785502425450e-02   0.000000000000000000e+00 
 -4.894524347037076950e-03   0.000000000000000000e+00 
  3.192935371771454811e-03   0.000000000000000000e+00 
  6.328985095024108019e-03   0.000000000000000000e+00 
 -2.262503607198594266e-03   0.000000000000000000e+00 
  8.382775820791721344e-03   0.000000000000000000e+00 
  3.730923635885118571e-03   0.000000000000000000e+00 
 -9.754499793052672230e-01   0.000000000000000000e+00 
  1.695407181978218422e-02   0.000000000000000000e+00 
  7.368074730038642016e-03   0.000000000000000000e+00 
 -1.702601904980836130e-03   0.000000000000000000e+00 
 -3.461043117567915058e-03   0.000000000000000000e+00 
  0.000000000000000000e+00   0.000000000000000000e+00 
  0.000000000000000000e+00   0.000000000000000000e+00 
  0.000000000000000000e+00   0.000000000000000000e+00 
  0.000000000000000000e+00   0.000000000000000000e+00 
  0.000000000000000000e+00   0.000000000000000000e+00 
  0.000000000000000000e+00   0.000000000000000000e+00 
  0.000000000000000000e+00   0.000000000000000000e+00 
  0.000000000000000000e+00   0.000000000000000000e+00 
  0.000000000000000000e+00   0.000000000000000000e+00 
  0.000000000000000000e+00   0.000000000000000000e+00 
  0.000000000000000000e+00   0.000000000000000000e+00 
  0.000000000000000000e+00   0.000000000000000000e+00 
  0.000000000000000000e+00   0.000000000000000000e+00 
  0.000000000000000000e+00   0.000000000000000000e+00 
  0.000000000000000000e+00   0.000000000000000000e+00 
  0.000000000000000000e+00   0.000000000000000000e+00 
  0.000000000000000000e+00   0.000000000000000000e+00 
  0.000000000000000000e+00   0.000000000000000000e+00 
  0.000000000000000000e+00   0.000000000000000000e+00 
  0.000000000000000000e+00   0.000000000000000000e+00 
  0.000000000000000000e+00   0.000000000000000000e+00 
  0.000000000000000000e+00   0.000000000000000000e+00 
  0.000000000000000000e+00   0.000000000000000000e+00 
  0.000000000000000000e+00   0.000000000000000000e+00 
  0.000000000000000000e+00   0.000000000000000000e+00 
  0.000000000000000000e+00   0.000000000000000000e+00 
  0.000000000000000000e+00   0.000000000000000000e+00 
  0.000000000000000000e+00   0.000000000000000000e+00 
  8.854656480252713494e-04   0.000000000000000000e+00 
  3.766071749851107597e-03   0.000000000000000000e+00 
 -7.660011178813888816e-04   0.000000000000000000e+00 
 -1.215093676000833511e-02   0.000000000000000000e+00 
  7.619488984346519007e-03   0.000000000000000000e+00 
 -1.489402842707932212e-03   0.000000000000000000e+00 
 -9.861486032605175540e-04   0.000000000000000000e+00 
  1.462894026190077624e-03   0.000000000000000000e+00 
  3.411363111808945504e-03   0.000000000000000000e+00 
  6.663408875465386128e-02   0.000000000000000000e+00 
  2.223089039325714944e-01   0.000000000000000000e+00 
 -2.219257410615681735e-03   0.000000000000000000e+00 
 -1.470891293138265610e-03   0.000000000000000000e+00 
  3.255576128140091896e-03   0.000000000000000000e+00 
  4.966435488313436508e-03   0.000000000000000000e+00 
 -1.049695885740221414e-03   0.000000000000000000e+00 
 -4.921673797070980072e-03   0.000000000000000000e+00 
  9.839663282036781311e-03   0.000000000000000000e+00 
 -4.751302301883697510e-03   0.000000000000000000e+00 
 -6.116379983723108094e-03   0.000000000000000000e+00 
 -5.103187169879691391e-03   0.000000000000000000e+00 
 -1.698180288076400757e-01   0.000000000000000000e+00 
  6.136391311883929167e-02   0.000000000000000000e+00 
  2.770972670987248854e-03   0.000000000000000000e+00 
 -2.157698327209752370e-05   0.000000000000000000e+00 
  4.639319479465484064e-01   0.000000000000000000e+00 
 -8.209614753723146752e-01   0.000000000000000000e+00 
 -1.911146915517747402e-03   0.000000000000000000e+00 
  0.000000000000000000e+00   0.000000000000000000e+00 
  0.000000000000000000e+00   0.000000000000000000e+00 
  0.000000000000000000e+00   0.000000000000000000e+00 
  0.000000000000000000e+00   0.000000000000000000e+00 
  0.000000000000000000e+00   0.000000000000000000e+00 
  0.000000000000000000e+00   0.000000000000000000e+00 
  0.000000000000000000e+00   0.000000000000000000e+00 
  0.000000000000000000e+00   0.000000000000000000e+00 
  0.000000000000000000e+00   0.000000000000000000e+00 
  0.000000000000000000e+00   0.000000000000000000e+00 
  0.000000000000000000e+00   0.000000000000000000e+00 
  0.000000000000000000e+00   0.000000000000000000e+00 
  0.000000000000000000e+00   0.000000000000000000e+00 
  0.000000000000000000e+00   0.000000000000000000e+00 
  0.000000000000000000e+00   0.000000000000000000e+00 
  0.000000000000000000e+00   0.000000000000000000e+00 
  0.000000000000000000e+00   0.000000000000000000e+00 
  0.000000000000000000e+00   0.000000000000000000e+00 
  0.000000000000000000e+00   0.000000000000000000e+00 
  0.000000000000000000e+00   0.000000000000000000e+00 
  0.000000000000000000e+00   0.000000000000000000e+00 
  0.000000000000000000e+00   0.000000000000000000e+00 
  0.000000000000000000e+00   0.000000000000000000e+00 
  0.000000000000000000e+00   0.000000000000000000e+00 
  0.000000000000000000e+00   0.000000000000000000e+00 
  0.000000000000000000e+00   0.000000000000000000e+00 
  0.000000000000000000e+00   0.000000000000000000e+00 
  0.000000000000000000e+00   0.000000000000000000e+00 
  2.229616744443774223e-03   0.000000000000000000e+00 
  4.492516629397869977e-03   0.000000000000000000e+00 
 -3.438031068071722117e-03   0.000000000000000000e+00 
 -3.726464929059205081e-03   0.000000000000000000e+00 
 -7.970738224684924961e-03   0.000000000000000000e+00 
 -2.228310331702233228e-03   0.000000000000000000e+00 
  1.790036563761532090e-03   0.000000000000000000e+00 
 -1.094254083000113960e-03   0.000000000000000000e+00 
 -5.048823659307270263e-04   0.000000000000000000e+00 
 -2.253096103668212336e-01   0.000000000000000000e+00 
  6.682484596967717960e-02   0.000000000000000000e+00 
  1.627491554245353396e-03   0.000000000000000000e+00 
 -5.258998367935419083e-03   0.000000000000000000e+00 
  1.369665842503308708e-04   0.000000000000000000e+00 
  2.644760999828577042e-03   0.000000000000000000e+00 
  2.776405308395624594e-03   0.000000000000000000e+00 
 -1.623904565349221013e-03   0.000000000000000000e+00 
 -6.422936916351318359e-03   0.000000000000000000e+00 
 -5.271526519209146500e-03   0.000000000000000000e+00 
 -3.534806193783700170e-03   0.000000000000000000e+00 
  6.243911571800654127e-03   0.000000000000000000e+00 
  6.732197105884547839e-02   0.000000000000000000e+00 
  1.627146899700167293e-01   0.000000000000000000e+00 
 -1.358866924419998255e-03   0.000000000000000000e+00 
  4.939314909279348201e-03   0.000000000000000000e+00 
 -8.182991743087768555e-01   0.000000000000000000e+00 
 -4.687784910202027477e-01   0.000000000000000000e+00 
 -3.709634067490696907e-03   0.000000000000000000e+00 
