   -4.1129271715180926e+07   -1.4496229189711632e+05
   -4.1110755027952462e+07    1.2684584295782275e+05
   -4.1108550973952554e+07   -1.3486204881055641e+05
   -4.1064537921111353e+07   -2.3868816810775321e+05
   -4.1118049489574790e+07    9.8939071213467600e+04
   -4.1094013510064088e+07    3.0268469826378161e+04
   -4.1094815691940635e+07    4.1328979537761054e+05
   -4.0990434446649902e+07   -1.7102388576341036e+04
   -4.1138749548190236e+07    3.3592937668460247e+05
   -4.1142355967361674e+07    1.9437533105585366e+05
   -4.1000865275570348e+07    3.1138346102957323e+05
   -4.1079700119447052e+07   -1.7558843466910868e+05
   -4.1082463344637416e+07    1.5907043544330011e+05
   -4.1109723151189566e+07    6.8045143144751957e+04
   -4.1035203550275549e+07    4.3398750767212478e+03
   -4.1085353994463012e+07    3.1560427583621599e+05
   -4.0996789167995192e+07   -6.5397807060859763e+04
   -4.1060844942012936e+07   -3.2989740021477395e+04
   -4.1088924739166126e+07    1.0993284814801463e+05
   -4.1153467281428874e+07    1.2132091480510207e+05
   -4.1138872728152290e+07    4.7568355816682408e+04
   -4.1144875483459599e+07    3.3163265282999270e+05
   -4.1151141069912836e+07   -2.9649095736381489e+04
   -4.1044442595323958e+07    5.7339257379711897e+04
   -4.1071333152258955e+07   -9.7796914235394594e+04
   -4.1046967625055343e+07   -3.1294935182111010e+04
   -4.0923353949793361e+07   -1.3187598512254553e+05
   -4.1051569029769406e+07   -2.9705232788840745e+05
   -4.1205983529895365e+07    5.3286318951512214e+04
   -4.1092733046083331e+07   -7.1844584833870438e+04
   -4.1209161151340201e+07    1.3253885978851042e+05
   -4.1057431373360574e+07   -1.2426651401761913e+05
   -4.1056205743652597e+07   -6.9404685111464176e+04
   -4.1149005785118692e+07    2.1909773181255726e+05
   -4.1151443983617261e+07    7.6429127721151046e+04
   -4.1054194811477892e+07   -2.9916018005565420e+05
   -4.1038044545647830e+07   -1.4843384130364226e+04
   -4.1106589766916275e+07    1.4613647745922062e+04
   -4.1048487061873510e+07   -1.3747290169169399e+05
   -4.1178836598510392e+07   -6.6472080139447644e+04
   -4.1087402131254666e+07    2.4400115444183256e+05
   -4.1065640155586034e+07    1.9690832327105280e+05
   -4.1071984164443120e+07   -7.2514554916060602e+04
   -4.1060242204301670e+07    1.7925017469240239e+05
   -4.1144681392713994e+07   -8.2829978212922841e+04
   -4.1025156712689966e+07    3.8191393284997102e+04
   -4.0978904259215862e+07   -8.6565149098851965e+04
   -4.0983081466077670e+07   -1.1202604055119297e+05
   -4.1070037582597643e+07   -1.7046692902044149e+05
   -4.0997475246493176e+07   -9.9877409078127821e+04
   -4.1093794877217665e+07    4.3506492735694235e+04
   -4.1134288303594656e+07    8.9504115723327559e+04
   -4.1092028345799908e+07    1.3457499240389315e+05
   -4.1070884304510802e+07    6.2887445022160900e+03
   -4.1178586713255703e+07   -2.2247091927243257e+05
   -4.0962664903309271e+07    7.6612531833604720e+04
   -4.1062222891132042e+07    9.0920703360102605e+04
   -4.1077131439304501e+07    9.2775965490055678e+03
   -4.1144241562035426e+07    4.6754039914934263e+04
   -4.1115523112735540e+07    2.6661147517318762e+05
   -4.1115393141066521e+07    4.5401588185098633e+04
   -4.1058616037971154e+07    1.4582913280456734e+04
   -4.1136738061890393e+07    9.3596134657665534e+04
   -4.1164081906708069e+07   -1.0072729034235948e+04
   -4.1161472962717101e+07    7.4054288082133950e+04
   -4.1042427563577279e+07   -2.4675986247814831e+05
   -4.0994840118719548e+07    1.6117456349428900e+05
   -4.1099901463491589e+07    2.4798528478437042e+05
   -4.1023201161057919e+07   -7.2304891622113573e+04
   -4.1113992912753604e+07    4.8285931213428339e+03
   -4.1117716637026057e+07    5.3821875582774912e+04
   -4.1107343382898308e+07   -1.8500164124196777e+04
   -4.1101238736208230e+07   -2.6403882901865721e+05
   -4.1001569275134340e+07    6.1339769650199603e+04
   -4.1084902030382477e+07    2.7301272218749579e+05
   -4.1040928975374117e+07    1.5708158351821013e+05
   -4.1080213430099562e+07    2.4045181623911805e+04
   -4.1139545494068131e+07    7.7937893480498169e+04
   -4.1106048722220093e+07   -3.5112391722127731e+05
   -4.1036239212605283e+07    4.4355442190961592e+04
   -4.1165027236269787e+07   -1.5635582804959817e+05
   -4.1171638481095582e+07   -1.7284033990940856e+05
   -4.1067234986672513e+07   -2.9344372102587443e+05
   -4.1025660562122472e+07   -2.2766717400528642e+05
   -4.1059254238578156e+07   -2.4508057689722293e+05
   -4.1035973248904936e+07   -9.7828576831029059e+03
   -4.1156452976526514e+07    3.0784735179736814e+05
   -4.1115922543756649e+07   -1.3068907728533921e+05
   -4.1059308407905668e+07   -2.2996500602145056e+05
   -4.1050041112336434e+07    7.1532591600606742e+04
   -4.0921385683062196e+07    4.7228479772126157e+04
   -4.1066214584672503e+07   -5.0261684312742291e+03
   -4.1041076803680822e+07   -1.4468194440990128e+05
   -4.1180332222525746e+07    1.4764992341286552e+05
   -4.1217067489484802e+07    5.1810949420835660e+05
   -4.1073536370644294e+07   -6.7191419305333518e+04
   -4.1005513075906061e+07   -1.7159425540858638e+05
   -4.1138102350732401e+07   -1.9451736061368523e+04
   -4.1204661679331660e+07    1.2593555549687559e+05
   -4.1105897020907804e+07   -1.1273788649453405e+05
   -4.1178937633304641e+07    5.0241987876179774e+04
   -4.1139060925310157e+07    1.1846453496949736e+05
   -4.1066639012856796e+07   -1.1211604499632173e+04
   -4.0982306000464603e+07    5.7348468320975291e+04
   -4.1091950806474522e+07    1.9414753530486676e+04
   -4.1123901327680305e+07   -6.3190622030099112e+04
   -4.0930211175957322e+07   -4.2279734921900577e+04
   -4.1014791609675065e+07   -5.9992910446172842e+04
   -4.1009761972056523e+07   -1.6088944172926240e+04
   -4.1071716762868434e+07    1.1371087938591270e+05
   -4.1037017587970011e+07   -8.2729118015363056e+04
   -4.1155308608311623e+07   -9.5175981203900825e+04
   -4.1143400093629867e+07    5.1029642628792863e+04
   -4.1045117423182517e+07   -6.4266697623628213e+04
   -4.1063082893121794e+07    3.7397509564724361e+05
   -4.1109887551210344e+07    1.7987645013536574e+04
   -4.1110547896901578e+07    7.9718181966166885e+04
   -4.0909458714326672e+07   -2.6996357319887803e+05
   -4.1079580926774688e+07   -2.0745155209794521e+05
   -4.1103512815381363e+07    5.6940821398516935e+04
   -4.0968949189103179e+07    2.5736210776232721e+05
   -4.1038363486534238e+07   -8.9786697305373615e+04
   -4.0982451424939469e+07   -2.2739301163384347e+05
   -4.1009331507845715e+07   -2.1334850733662359e+05
   -4.1044047275087096e+07   -2.0111483341299853e+05
   -4.1030853787374765e+07   -1.5387950502770001e+05
   -4.1075114060291745e+07   -1.5480148355502810e+05
   -4.1134004625792801e+07    1.0044628349906113e+05
   -4.1097327500382908e+07   -2.4492076862265277e+05
   -4.1083904082288116e+07    8.3157696703054768e+04
   -4.1041583944423445e+07   -6.4630907842813584e+04
   -4.1145854647366457e+07    2.0205506375372940e+05
   -4.1107103697053410e+07    2.3013798169446833e+05
   -4.1189698140944988e+07    1.4775018073889738e+05
   -4.1015620589152202e+07    1.7312101142559698e+05
   -4.1089532107733920e+07    1.1845474395695688e+04
   -4.1102199789181247e+07    6.6003155638109747e+03
   -4.1113321787955791e+07    9.5985326704433814e+04
   -4.1095635561460003e+07   -5.8745742544751702e+04
   -4.1081815403640136e+07    8.0305193307861555e+04
   -4.1028271865967318e+07   -8.3232297360265002e+03
   -4.0749562490879208e+07    1.6053496345715798e+05
   -4.1020239313533314e+07   -2.0285896948309988e+05
   -4.1123376205591664e+07   -4.4304836120957392e+04
   -4.1023067019740008e+07    1.6363441328583602e+05
   -4.1052039489291169e+07    2.4222000509431327e+05
   -4.0964234262822136e+07    1.2403803874221246e+05
   -4.0957590648041114e+07   -1.1361974594188321e+05
   -4.1124151514394775e+07   -2.7826809052183741e+05
   -4.1075168824989289e+07   -2.1962918130379083e+05
   -4.1170072988639683e+07    3.5861026476573676e+05
   -4.1084466284962058e+07    1.5009266897522539e+04
   -4.1157001674423799e+07   -1.8088913957076747e+05
   -4.1068048307592899e+07    8.2561563791123772e+04
   -4.1120666492873490e+07    3.1605611858009209e+05
   -4.0998933825323209e+07    2.2618840346310614e+05
   -4.1068612009071387e+07    1.6468128717506019e+05
   -4.1139337008791029e+07   -1.8367503093165974e+05
   -4.1176005375670642e+07   -6.3342314603595383e+04
   -4.1065431909570575e+07    1.9106615027444539e+04
   -4.1072483659046032e+07    1.8317638380983553e+05
   -4.1074632267117590e+07   -3.1370609997603245e+05
   -4.0984548420159712e+07   -1.3778325154129468e+05
   -4.1069243541154116e+07    1.3115173305624656e+05
   -4.1069928457001537e+07   -4.2348387102009670e+04
   -4.1058284701485842e+07   -9.9279575290871690e+03
   -4.1089299462753981e+07    8.7745701787112630e+04
   -4.1063573672358364e+07   -1.7926588789669459e+05
   -4.1086937087080926e+07    2.9347203090690236e+04
   -4.1171311768269055e+07   -2.6813089366382547e+05
   -4.1145221943796821e+07   -1.1009094941392343e+05
   -4.1067670036326781e+07   -2.2515123388103471e+05
   -4.1113018747514516e+07   -7.7128344392748229e+04
   -4.1148110420340255e+07   -2.3528737984865460e+04
   -4.1170266161732793e+07    9.7166031196339638e+04
   -4.1125984325191654e+07   -3.5837165572430665e+05
   -4.1065402074758396e+07   -2.2807111751182325e+04
   -4.1028027672877356e+07    6.8714404180928512e+04
   -4.1142155616287321e+07    1.0909968587177007e+04
   -4.1127026923897967e+07    1.4992888969400272e+04
   -4.1101214553125560e+07    1.2528283432499261e+05
   -4.1129671659646578e+07    6.7980086195599113e+04
   -4.1111303767055206e+07   -8.3379682508569706e+04
   -4.1015997488552816e+07   -1.7471929282246454e+05
   -4.0951791829948664e+07    6.4110180204708668e+04
   -4.1133716703207120e+07    5.3322465101843642e+04
   -4.1018676229881160e+07    3.0785984948907717e+03
   -4.1151195830227330e+07    9.0685160151418619e+04
   -4.1175571875924423e+07   -1.4911475659191847e+05
   -4.1100591268063456e+07   -7.1847189040532481e+04
   -4.1104777151978195e+07   -1.5592447557362093e+05
   -4.1121299022719041e+07   -4.2411424497986882e+04
   -4.0975222697999179e+07    4.2800011171322010e+04
   -4.1119886384487316e+07    2.3161684461279056e+05
   -4.1135368801042318e+07   -4.8954866963743552e+03
   -4.1120305789806813e+07    2.4839483295574936e+05
   -4.1187301308530673e+07   -1.1898301432489787e+05
   -4.1065894294625081e+07    2.2456076340948950e+05
   -4.1156955777380720e+07    9.6685890492221646e+04
   -4.1051908558821410e+07   -2.5123999030929874e+05
