  0.000000000000000000e+00   0.000000000000000000e+00 
                         2 
                        56                         14 
  1.734403660520277392e-03   0.000000000000000000e+00 
 -1.667138636112213967e-01   0.000000000000000000e+00 
 -2.873825142160202871e-03   0.000000000000000000e+00 
 -2.241842215880752477e-03   0.000000000000000000e+00 
 -8.391215815208856628e-04   0.000000000000000000e+00 
 -7.983013056218672687e-03   0.000000000000000000e+00 
 -2.544625196605791121e-03   0.000000000000000000e+00 
 -6.638150662183765933e-04   0.000000000000000000e+00 
  3.152465214952826066e-03   0.000000000000000000e+00 
  1.505865133367478848e-03   0.000000000000000000e+00 
 -8.341288194060332128e-04   0.000000000000000000e+00 
  4.713150672614574432e-03   0.000000000000000000e+00 
 -3.346357552800326455e-04   0.000000000000000000e+00 
  1.682666712440714042e-03   0.000000000000000000e+00 
  2.866737777367234230e-03   0.000000000000000000e+00 
 -2.546292031183838844e-03   0.000000000000000000e+00 
  9.539081454277038574e-01   0.000000000000000000e+00 
 -1.806700020097339217e-03   0.000000000000000000e+00 
  2.681359648704528253e-01   0.000000000000000000e+00 
  5.012287292629479278e-04   0.000000000000000000e+00 
 -1.566194463521242142e-03   0.000000000000000000e+00 
 -7.808128721080728014e-04   0.000000000000000000e+00 
 -3.671546801342620087e-05   0.000000000000000000e+00 
 -1.090285405516624034e-01   0.000000000000000000e+00 
  1.589000457897733970e-03   0.000000000000000000e+00 
 -9.078826406039291076e-04   0.000000000000000000e+00 
 -2.856383565813303427e-03   0.000000000000000000e+00 
  1.004039645195008296e-01   0.000000000000000000e+00 
  0.000000000000000000e+00   0.000000000000000000e+00 
  0.000000000000000000e+00   0.000000000000000000e+00 
  0.000000000000000000e+00   0.000000000000000000e+00 
  0.000000000000000000e+00   0.000000000000000000e+00 
  0.000000000000000000e+00   0.000000000000000000e+00 
  0.000000000000000000e+00   0.000000000000000000e+00 
  0.000000000000000000e+00   0.000000000000000000e+00 
  0.000000000000000000e+00   0.000000000000000000e+00 
  0.000000000000000000e+00   0.000000000000000000e+00 
  0.000000000000000000e+00   0.000000000000000000e+00 
  0.000000000000000000e+00   0.000000000000000000e+00 
  0.000000000000000000e+00   0.000000000000000000e+00 
  0.000000000000000000e+00   0.000000000000000000e+00 
  0.000000000000000000e+00   0.000000000000000000e+00 
  0.000000000000000000e+00   0.000000000000000000e+00 
  0.000000000000000000e+00   0.000000000000000000e+00 
  0.000000000000000000e+00   0.000000000000000000e+00 
  0.000000000000000000e+00   0.000000000000000000e+00 
  0.000000000000000000e+00   0.000000000000000000e+00 
  0.000000000000000000e+00   0.000000000000000000e+00 
  0.000000000000000000e+00   0.000000000000000000e+00 
  0.000000000000000000e+00   0.000000000000000000e+00 
  0.000000000000000000e+00   0.000000000000000000e+00 
  0.000000000000000000e+00   0.000000000000000000e+00 
  0.000000000000000000e+00   0.000000000000000000e+00 
  0.000000000000000000e+00   0.000000000000000000e+00 
  0.000000000000000000e+00   0.000000000000000000e+00 
  0.000000000000000000e+00   0.000000000000000000e+00 
 -8.961975574492971053e-03   0.000000000000000000e+00 
 -2.008731389651021338e-04   0.000000000000000000e+00 
 -1.349737793207168579e-01   0.000000000000000000e+00 
 -9.781670523807402089e-04   0.000000000000000000e+00 
  2.789081772789356924e-03   0.000000000000000000e+00 
  2.445116173475993335e-03   0.000000000000000000e+00 
  9.042484313249579686e-02   0.000000000000000000e+00 
 -4.676005337387323380e-03   0.000000000000000000e+00 
  5.568996421061460540e-04   0.000000000000000000e+00 
  8.076671510934829712e-04   0.000000000000000000e+00 
 -7.969102589413522590e-04   0.000000000000000000e+00 
 -4.249191377311944962e-03   0.000000000000000000e+00 
  1.318493508733808994e-03   0.000000000000000000e+00 
  6.985368132591247559e-01   0.000000000000000000e+00 
 -2.651498652994632721e-03   0.000000000000000000e+00 
  1.028153696097433350e-03   0.000000000000000000e+00 
  6.800157716495824076e-04   0.000000000000000000e+00 
  6.945156455039975807e-01   0.000000000000000000e+00 
 -1.655305619351566488e-03   0.000000000000000000e+00 
  2.724301768466830254e-03   0.000000000000000000e+00 
 -2.460695395711806686e-04   0.000000000000000000e+00 
 -1.914154738187789700e-03   0.000000000000000000e+00 
  3.609099949244407089e-04   0.000000000000000000e+00 
 -2.229491714388019772e-03   0.000000000000000000e+00 
 -2.128416858613486201e-02   0.000000000000000000e+00 
  2.812575781717896461e-03   0.000000000000000000e+00 
 -2.512679202482113517e-04   0.000000000000000000e+00 
 -3.316515125334162668e-03   0.000000000000000000e+00 
  0.000000000000000000e+00   0.000000000000000000e+00 
  0.000000000000000000e+00   0.000000000000000000e+00 
  0.000000000000000000e+00   0.000000000000000000e+00 
  0.000000000000000000e+00   0.000000000000000000e+00 
  0.000000000000000000e+00   0.000000000000000000e+00 
  0.000000000000000000e+00   0.000000000000000000e+00 
  0.000000000000000000e+00   0.000000000000000000e+00 
  0.000000000000000000e+00   0.000000000000000000e+00 
  0.000000000000000000e+00   0.000000000000000000e+00 
  0.000000000000000000e+00   0.000000000000000000e+00 
  0.000000000000000000e+00   0.000000000000000000e+00 
  0.000000000000000000e+00   0.000000000000000000e+00 
  0.000000000000000000e+00   0.000000000000000000e+00 
  0.000000000000000000e+00   0.000000000000000000e+00 
  0.000000000000000000e+00   0.000000000000000000e+00 
  0.000000000000000000e+00   0.000000000000000000e+00 
  0.000000000000000000e+00   0.000000000000000000e+00 
  0.000000000000000000e+00   0.000000000000000000e+00 
  0.000000000000000000e+00   0.000000000000000000e+00 
  0.000000000000000000e+00   0.000000000000000000e+00 
  0.000000000000000000e+00   0.000000000000000000e+00 
  0.000000000000000000e+00   0.000000000000000000e+00 
  0.000000000000000000e+00   0.000000000000000000e+00 
  0.000000000000000000e+00   0.000000000000000000e+00 
  0.000000000000000000e+00   0.000000000000000000e+00 
  0.000000000000000000e+00   0.000000000000000000e+00 
  0.000000000000000000e+00   0.000000000000000000e+00 
  0.000000000000000000e+00   0.000000000000000000e+00 
  2.694546710698754975e-03   0.000000000000000000e+00 
 -7.443419843912141287e-02   0.000000000000000000e+00 
 -1.970929588419879344e-04   0.000000000000000000e+00 
  4.739677533507347974e-03   0.000000000000000000e+00 
 -5.905178841203452024e-03   0.000000000000000000e+00 
  9.832737594842871909e-02   0.000000000000000000e+00 
 -7.422133348881533718e-04   0.000000000000000000e+00 
 -4.943810636177652530e-04   0.000000000000000000e+00 
 -2.023158012889320198e-04   0.000000000000000000e+00 
 -4.014101345092054712e-03   0.000000000000000000e+00 
 -2.163697063224369278e-04   0.000000000000000000e+00 
  1.913813641294836998e-03   0.000000000000000000e+00 
  7.325035985559225082e-03   0.000000000000000000e+00 
 -4.688951186835789257e-03   0.000000000000000000e+00 
 -1.473248586989939213e-03   0.000000000000000000e+00 
  9.218554478138678721e-04   0.000000000000000000e+00 
 -9.420077502727508545e-02   0.000000000000000000e+00 
  4.209299571812223119e-03   0.000000000000000000e+00 
 -7.076402753591540251e-02   0.000000000000000000e+00 
  1.982518937438725991e-03   0.000000000000000000e+00 
  2.588956616818904443e-03   0.000000000000000000e+00 
 -3.333043539896608266e-03   0.000000000000000000e+00 
  1.075386721640825619e-02   0.000000000000000000e+00 
  1.474260389804838700e-01   0.000000000000000000e+00 
 -3.009473904967398250e-03   0.000000000000000000e+00 
 -5.473511293530463305e-03   0.000000000000000000e+00 
  6.844524294137954712e-03   0.000000000000000000e+00 
  1.002966880798339622e+00   0.000000000000000000e+00 
  0.000000000000000000e+00   0.000000000000000000e+00 
  0.000000000000000000e+00   0.000000000000000000e+00 
  0.000000000000000000e+00   0.000000000000000000e+00 
  0.000000000000000000e+00   0.000000000000000000e+00 
  0.000000000000000000e+00   0.000000000000000000e+00 
  0.000000000000000000e+00   0.000000000000000000e+00 
  0.000000000000000000e+00   0.000000000000000000e+00 
  0.000000000000000000e+00   0.000000000000000000e+00 
  0.000000000000000000e+00   0.000000000000000000e+00 
  0.000000000000000000e+00   0.000000000000000000e+00 
  0.000000000000000000e+00   0.000000000000000000e+00 
  0.000000000000000000e+00   0.000000000000000000e+00 
  0.000000000000000000e+00   0.000000000000000000e+00 
  0.000000000000000000e+00   0.000000000000000000e+00 
  0.000000000000000000e+00   0.000000000000000000e+00 
  0.000000000000000000e+00   0.000000000000000000e+00 
  0.000000000000000000e+00   0.000000000000000000e+00 
  0.000000000000000000e+00   0.000000000000000000e+00 
  0.000000000000000000e+00   0.000000000000000000e+00 
  0.000000000000000000e+00   0.000000000000000000e+00 
  0.000000000000000000e+00   0.000000000000000000e+00 
  0.000000000000000000e+00   0.000000000000000000e+00 
  0.000000000000000000e+00   0.000000000000000000e+00 
  0.000000000000000000e+00   0.000000000000000000e+00 
  0.000000000000000000e+00   0.000000000000000000e+00 
  0.000000000000000000e+00   0.000000000000000000e+00 
  0.000000000000000000e+00   0.000000000000000000e+00 
  0.000000000000000000e+00   0.000000000000000000e+00 
 -4.828906059265120759e-02   0.000000000000000000e+00 
 -3.724517766385916639e-03   0.000000000000000000e+00 
  7.872261852025977391e-02   0.000000000000000000e+00 
 -2.419244265183805552e-03   0.000000000000000000e+00 
  1.051948056556279223e-03   0.000000000000000000e+00 
  2.416756236926111048e-03   0.000000000000000000e+00 
 -6.173198297619814784e-02   0.000000000000000000e+00 
 -2.980522112920881185e-03   0.000000000000000000e+00 
  4.357978701591491699e-03   0.000000000000000000e+00 
 -2.820045920088888082e-03   0.000000000000000000e+00 
 -2.485943259671330018e-03   0.000000000000000000e+00 
  1.130841439589858055e-03   0.000000000000000000e+00 
 -1.292464905418455601e-03   0.000000000000000000e+00 
  6.045964546501633903e-03   0.000000000000000000e+00 
  3.160693449899554253e-03   0.000000000000000000e+00 
  7.320177392102779042e-04   0.000000000000000000e+00 
 -4.141025710850935841e-03   0.000000000000000000e+00 
  7.059624046087271954e-02   0.000000000000000000e+00 
  3.082086564972991508e-03   0.000000000000000000e+00 
  8.134570904076099396e-03   0.000000000000000000e+00 
 -4.523031879216432571e-03   0.000000000000000000e+00 
  2.335878089070321430e-03   0.000000000000000000e+00 
  4.445572383701800433e-03   0.000000000000000000e+00 
  4.307003691792558354e-03   0.000000000000000000e+00 
  1.027155756950378418e+00   0.000000000000000000e+00 
  6.481150630861526188e-04   0.000000000000000000e+00 
 -7.596550130984047701e-05   0.000000000000000000e+00 
 -4.624896217137410351e-03   0.000000000000000000e+00 
  0.000000000000000000e+00   0.000000000000000000e+00 
  0.000000000000000000e+00   0.000000000000000000e+00 
  0.000000000000000000e+00   0.000000000000000000e+00 
  0.000000000000000000e+00   0.000000000000000000e+00 
  0.000000000000000000e+00   0.000000000000000000e+00 
  0.000000000000000000e+00   0.000000000000000000e+00 
  0.000000000000000000e+00   0.000000000000000000e+00 
  0.000000000000000000e+00   0.000000000000000000e+00 
  0.000000000000000000e+00   0.000000000000000000e+00 
  0.000000000000000000e+00   0.000000000000000000e+00 
  0.000000000000000000e+00   0.000000000000000000e+00 
  0.000000000000000000e+00   0.000000000000000000e+00 
  0.000000000000000000e+00   0.000000000000000000e+00 
  0.000000000000000000e+00   0.000000000000000000e+00 
  0.000000000000000000e+00   0.000000000000000000e+00 
  0.000000000000000000e+00   0.000000000000000000e+00 
  0.000000000000000000e+00   0.000000000000000000e+00 
  0.000000000000000000e+00   0.000000000000000000e+00 
  0.000000000000000000e+00   0.000000000000000000e+00 
  0.000000000000000000e+00   0.000000000000000000e+00 
  0.000000000000000000e+00   0.000000000000000000e+00 
  0.000000000000000000e+00   0.000000000000000000e+00 
  0.000000000000000000e+00   0.000000000000000000e+00 
  0.000000000000000000e+00   0.000000000000000000e+00 
  0.000000000000000000e+00   0.000000000000000000e+00 
  0.000000000000000000e+00   0.000000000000000000e+00 
  0.000000000000000000e+00   0.000000000000000000e+00 
  0.000000000000000000e+00   0.000000000000000000e+00 
  5.073882173747057585e-03   0.000000000000000000e+00 
  6.696699559688547299e-02   0.000000000000000000e+00 
 -3.246827051043673067e-03   0.000000000000000000e+00 
  2.166592981666326957e-03   0.000000000000000000e+00 
 -1.251615583896636529e-03   0.000000000000000000e+00 
  1.531648728996528805e-02   0.000000000000000000e+00 
 -1.448081457055962673e-03   0.000000000000000000e+00 
  1.391948899254210432e-04   0.000000000000000000e+00 
 -1.289518200792372660e-03   0.000000000000000000e+00 
  2.695028088055552136e-04   0.000000000000000000e+00 
  3.558244323357939720e-03   0.000000000000000000e+00 
  8.733327849768101085e-04   0.000000000000000000e+00 
 -2.026116242632269859e-03   0.000000000000000000e+00 
 -2.133144065737724738e-03   0.000000000000000000e+00 
  2.411935478448867798e-03   0.000000000000000000e+00 
 -1.028416329063474915e-03   0.000000000000000000e+00 
  1.788050681352615356e-01   0.000000000000000000e+00 
  2.059734659269428243e-03   0.000000000000000000e+00 
 -1.739453673362730823e-01   0.000000000000000000e+00 
  1.200504251755774021e-03   0.000000000000000000e+00 
  3.906110301613807678e-03   0.000000000000000000e+00 
 -1.215305994264781041e-03   0.000000000000000000e+00 
 -2.561589702963829041e-03   0.000000000000000000e+00 
  9.666201472282409668e-01   0.000000000000000000e+00 
  2.580371685326112406e-03   0.000000000000000000e+00 
  8.594358223490411583e-04   0.000000000000000000e+00 
 -1.238843309693038247e-03   0.000000000000000000e+00 
 -1.339344680309296765e-01   0.000000000000000000e+00 
  0.000000000000000000e+00   0.000000000000000000e+00 
  0.000000000000000000e+00   0.000000000000000000e+00 
  0.000000000000000000e+00   0.000000000000000000e+00 
  0.000000000000000000e+00   0.000000000000000000e+00 
  0.000000000000000000e+00   0.000000000000000000e+00 
  0.000000000000000000e+00   0.000000000000000000e+00 
  0.000000000000000000e+00   0.000000000000000000e+00 
  0.000000000000000000e+00   0.000000000000000000e+00 
  0.000000000000000000e+00   0.000000000000000000e+00 
  0.000000000000000000e+00   0.000000000000000000e+00 
  0.000000000000000000e+00   0.000000000000000000e+00 
  0.000000000000000000e+00   0.000000000000000000e+00 
  0.000000000000000000e+00   0.000000000000000000e+00 
  0.000000000000000000e+00   0.000000000000000000e+00 
  0.000000000000000000e+00   0.000000000000000000e+00 
  0.000000000000000000e+00   0.000000000000000000e+00 
  0.000000000000000000e+00   0.000000000000000000e+00 
  0.000000000000000000e+00   0.000000000000000000e+00 
  0.000000000000000000e+00   0.000000000000000000e+00 
  0.000000000000000000e+00   0.000000000000000000e+00 
  0.000000000000000000e+00   0.000000000000000000e+00 
  0.000000000000000000e+00   0.000000000000000000e+00 
  0.000000000000000000e+00   0.000000000000000000e+00 
  0.000000000000000000e+00   0.000000000000000000e+00 
  0.000000000000000000e+00   0.000000000000000000e+00 
  0.000000000000000000e+00   0.000000000000000000e+00 
  0.000000000000000000e+00   0.000000000000000000e+00 
  0.000000000000000000e+00   0.000000000000000000e+00 
 -1.591314794495703308e-03   0.000000000000000000e+00 
  1.724553178064528163e-03   0.000000000000000000e+00 
 -1.864177174866201011e-03   0.000000000000000000e+00 
 -6.085702683776930168e-03   0.000000000000000000e+00 
 -6.326448637991958883e-03   0.000000000000000000e+00 
  7.212511845864370743e-04   0.000000000000000000e+00 
  2.217897446826099916e-03   0.000000000000000000e+00 
 -8.684670925140382247e-02   0.000000000000000000e+00 
 -1.989241540431977984e-01   0.000000000000000000e+00 
 -5.294839385896929831e-03   0.000000000000000000e+00 
  6.402806029654263022e-04   0.000000000000000000e+00 
 -1.736730802804231427e-03   0.000000000000000000e+00 
  1.440688269212841988e-03   0.000000000000000000e+00 
  7.289413479156788911e-04   0.000000000000000000e+00 
 -5.266602151095867157e-03   0.000000000000000000e+00 
 -1.880199764855206230e-03   0.000000000000000000e+00 
 -3.220235696062445641e-03   0.000000000000000000e+00 
 -8.151761139743028987e-04   0.000000000000000000e+00 
  5.072833504527807236e-03   0.000000000000000000e+00 
 -1.811770023778076603e-03   0.000000000000000000e+00 
  1.279342547059059837e-02   0.000000000000000000e+00 
  1.830540895462034745e-01   0.000000000000000000e+00 
  6.643672287464148785e-02   0.000000000000000000e+00 
  4.987674299627542496e-03   0.000000000000000000e+00 
  3.299145493656396432e-03   0.000000000000000000e+00 
 -6.057781577110289417e-01   0.000000000000000000e+00 
 -7.092992067337036133e-01   0.000000000000000000e+00 
 -5.549693014472724091e-04   0.000000000000000000e+00 
  0.000000000000000000e+00   0.000000000000000000e+00 
  0.000000000000000000e+00   0.000000000000000000e+00 
  0.000000000000000000e+00   0.000000000000000000e+00 
  0.000000000000000000e+00   0.000000000000000000e+00 
  0.000000000000000000e+00   0.000000000000000000e+00 
  0.000000000000000000e+00   0.000000000000000000e+00 
  0.000000000000000000e+00   0.000000000000000000e+00 
  0.000000000000000000e+00   0.000000000000000000e+00 
  0.000000000000000000e+00   0.000000000000000000e+00 
  0.000000000000000000e+00   0.000000000000000000e+00 
  0.000000000000000000e+00   0.000000000000000000e+00 
  0.000000000000000000e+00   0.000000000000000000e+00 
  0.000000000000000000e+00   0.000000000000000000e+00 
  0.000000000000000000e+00   0.000000000000000000e+00 
  0.000000000000000000e+00   0.000000000000000000e+00 
  0.000000000000000000e+00   0.000000000000000000e+00 
  0.000000000000000000e+00   0.000000000000000000e+00 
  0.000000000000000000e+00   0.000000000000000000e+00 
  0.000000000000000000e+00   0.000000000000000000e+00 
  0.000000000000000000e+00   0.000000000000000000e+00 
  0.000000000000000000e+00   0.000000000000000000e+00 
  0.000000000000000000e+00   0.000000000000000000e+00 
  0.000000000000000000e+00   0.000000000000000000e+00 
  0.000000000000000000e+00   0.000000000000000000e+00 
  0.000000000000000000e+00   0.000000000000000000e+00 
  0.000000000000000000e+00   0.000000000000000000e+00 
  0.000000000000000000e+00   0.000000000000000000e+00 
  0.000000000000000000e+00   0.000000000000000000e+00 
  1.784027437679468501e-03   0.000000000000000000e+00 
  2.409960841760035426e-03   0.000000000000000000e+00 
  5.141105037182571239e-03   0.000000000000000000e+00 
  3.489400027319561250e-03   0.000000000000000000e+00 
 -5.665781907737472804e-03   0.000000000000000000e+00 
 -3.816279931925253442e-04   0.000000000000000000e+00 
  5.601331940852104533e-04   0.000000000000000000e+00 
 -1.929610669612884521e-01   0.000000000000000000e+00 
  8.660354465246206113e-02   0.000000000000000000e+00 
 -3.639410017058323545e-03   0.000000000000000000e+00 
  2.346824156120441186e-03   0.000000000000000000e+00 
  9.320199606008825518e-04   0.000000000000000000e+00 
  2.438359661027790742e-04   0.000000000000000000e+00 
 -2.810163423418998718e-03   0.000000000000000000e+00 
  5.906767677515745163e-03   0.000000000000000000e+00 
 -4.744881298393011093e-03   0.000000000000000000e+00 
  3.953117411583662033e-03   0.000000000000000000e+00 
  3.470278810709714456e-03   0.000000000000000000e+00 
 -3.731159260496497588e-03   0.000000000000000000e+00 
  8.784490637481207412e-03   0.000000000000000000e+00 
  4.135957919061203011e-03   0.000000000000000000e+00 
  6.227627024054525201e-02   0.000000000000000000e+00 
 -1.862265020608903088e-01   0.000000000000000000e+00 
 -4.019174259155987826e-03   0.000000000000000000e+00 
 -3.492888296023010774e-03   0.000000000000000000e+00 
 -7.118476033210752174e-01   0.000000000000000000e+00 
  6.057634353637695312e-01   0.000000000000000000e+00 
  1.692151417955757272e-03   0.000000000000000000e+00 
  0.000000000000000000e+00   0.000000000000000000e+00 
  0.000000000000000000e+00   0.000000000000000000e+00 
  0.000000000000000000e+00   0.000000000000000000e+00 
  0.000000000000000000e+00   0.000000000000000000e+00 
  0.000000000000000000e+00   0.000000000000000000e+00 
  0.000000000000000000e+00   0.000000000000000000e+00 
  0.000000000000000000e+00   0.000000000000000000e+00 
  0.000000000000000000e+00   0.000000000000000000e+00 
  0.000000000000000000e+00   0.000000000000000000e+00 
  0.000000000000000000e+00   0.000000000000000000e+00 
  0.000000000000000000e+00   0.000000000000000000e+00 
  0.000000000000000000e+00   0.000000000000000000e+00 
  0.000000000000000000e+00   0.000000000000000000e+00 
  0.000000000000000000e+00   0.000000000000000000e+00 
  0.000000000000000000e+00   0.000000000000000000e+00 
  0.000000000000000000e+00   0.000000000000000000e+00 
  0.000000000000000000e+00   0.000000000000000000e+00 
  0.000000000000000000e+00   0.000000000000000000e+00 
  0.000000000000000000e+00   0.000000000000000000e+00 
  0.000000000000000000e+00   0.000000000000000000e+00 
  0.000000000000000000e+00   0.000000000000000000e+00 
  0.000000000000000000e+00   0.000000000000000000e+00 
  0.000000000000000000e+00   0.000000000000000000e+00 
  0.000000000000000000e+00   0.000000000000000000e+00 
  0.000000000000000000e+00   0.000000000000000000e+00 
  0.000000000000000000e+00   0.000000000000000000e+00 
  0.000000000000000000e+00   0.000000000000000000e+00 
  0.000000000000000000e+00   0.000000000000000000e+00 
  0.000000000000000000e+00   0.000000000000000000e+00 
  0.000000000000000000e+00   0.000000000000000000e+00 
  0.000000000000000000e+00   0.000000000000000000e+00 
  0.000000000000000000e+00   0.000000000000000000e+00 
  0.000000000000000000e+00   0.000000000000000000e+00 
  0.000000000000000000e+00   0.000000000000000000e+00 
  0.000000000000000000e+00   0.000000000000000000e+00 
  0.000000000000000000e+00   0.000000000000000000e+00 
  0.000000000000000000e+00   0.000000000000000000e+00 
  0.000000000000000000e+00   0.000000000000000000e+00 
  0.000000000000000000e+00   0.000000000000000000e+00 
  0.000000000000000000e+00   0.000000000000000000e+00 
  0.000000000000000000e+00   0.000000000000000000e+00 
  0.000000000000000000e+00   0.000000000000000000e+00 
  0.000000000000000000e+00   0.000000000000000000e+00 
  0.000000000000000000e+00   0.000000000000000000e+00 
  0.000000000000000000e+00   0.000000000000000000e+00 
  0.000000000000000000e+00   0.000000000000000000e+00 
  0.000000000000000000e+00   0.000000000000000000e+00 
  0.000000000000000000e+00   0.000000000000000000e+00 
  0.000000000000000000e+00   0.000000000000000000e+00 
  0.000000000000000000e+00   0.000000000000000000e+00 
  0.000000000000000000e+00   0.000000000000000000e+00 
  0.000000000000000000e+00   0.000000000000000000e+00 
  0.000000000000000000e+00   0.000000000000000000e+00 
  0.000000000000000000e+00   0.000000000000000000e+00 
  0.000000000000000000e+00   0.000000000000000000e+00 
  0.000000000000000000e+00   0.000000000000000000e+00 
  2.396616153418319999e-03   0.000000000000000000e+00 
 -1.228298172354698736e-01   0.000000000000000000e+00 
 -3.862900193780798540e-03   0.000000000000000000e+00 
 -3.200758015736937523e-03   0.000000000000000000e+00 
 -1.970270182937385386e-03   0.000000000000000000e+00 
 -3.371631493791998977e-03   0.000000000000000000e+00 
 -3.123875940218436443e-03   0.000000000000000000e+00 
 -1.273565459996463169e-03   0.000000000000000000e+00 
  3.289626911282538934e-03   0.000000000000000000e+00 
  2.314448356628417101e-03   0.000000000000000000e+00 
 -1.476172590628266985e-03   0.000000000000000000e+00 
  1.675731269642710686e-03   0.000000000000000000e+00 
 -1.101875659514906219e-05   0.000000000000000000e+00 
  1.816598814912307987e-03   0.000000000000000000e+00 
  2.669339999556541443e-03   0.000000000000000000e+00 
 -3.273734357208013535e-03   0.000000000000000000e+00 
  9.761121273040771484e-01   0.000000000000000000e+00 
 -2.472579246387029625e-03   0.000000000000000000e+00 
  2.873443961143493097e-01   0.000000000000000000e+00 
  1.846515806391834996e-03   0.000000000000000000e+00 
 -4.678026307374238968e-03   0.000000000000000000e+00 
 -8.690694812685257741e-04   0.000000000000000000e+00 
  3.982439811807123638e-04   0.000000000000000000e+00 
 -1.234433203935622614e-01   0.000000000000000000e+00 
  3.317789407446928435e-03   0.000000000000000000e+00 
  1.768379588611433998e-04   0.000000000000000000e+00 
 -1.770704751834274206e-03   0.000000000000000000e+00 
  1.396337300539017834e-01   0.000000000000000000e+00 
  0.000000000000000000e+00   0.000000000000000000e+00 
  0.000000000000000000e+00   0.000000000000000000e+00 
  0.000000000000000000e+00   0.000000000000000000e+00 
  0.000000000000000000e+00   0.000000000000000000e+00 
  0.000000000000000000e+00   0.000000000000000000e+00 
  0.000000000000000000e+00   0.000000000000000000e+00 
  0.000000000000000000e+00   0.000000000000000000e+00 
  0.000000000000000000e+00   0.000000000000000000e+00 
  0.000000000000000000e+00   0.000000000000000000e+00 
  0.000000000000000000e+00   0.000000000000000000e+00 
  0.000000000000000000e+00   0.000000000000000000e+00 
  0.000000000000000000e+00   0.000000000000000000e+00 
  0.000000000000000000e+00   0.000000000000000000e+00 
  0.000000000000000000e+00   0.000000000000000000e+00 
  0.000000000000000000e+00   0.000000000000000000e+00 
  0.000000000000000000e+00   0.000000000000000000e+00 
  0.000000000000000000e+00   0.000000000000000000e+00 
  0.000000000000000000e+00   0.000000000000000000e+00 
  0.000000000000000000e+00   0.000000000000000000e+00 
  0.000000000000000000e+00   0.000000000000000000e+00 
  0.000000000000000000e+00   0.000000000000000000e+00 
  0.000000000000000000e+00   0.000000000000000000e+00 
  0.000000000000000000e+00   0.000000000000000000e+00 
  0.000000000000000000e+00   0.000000000000000000e+00 
  0.000000000000000000e+00   0.000000000000000000e+00 
  0.000000000000000000e+00   0.000000000000000000e+00 
  0.000000000000000000e+00   0.000000000000000000e+00 
  0.000000000000000000e+00   0.000000000000000000e+00 
 -5.751517019230127517e-04   0.000000000000000000e+00 
 -1.019668852677868440e-04   0.000000000000000000e+00 
 -1.376835256814956387e-01   0.000000000000000000e+00 
 -4.098413337487723609e-04   0.000000000000000000e+00 
  2.620496321469544063e-03   0.000000000000000000e+00 
  1.886151963844885822e-03   0.000000000000000000e+00 
  8.294705301523201679e-02   0.000000000000000000e+00 
 -4.466276150196789828e-03   0.000000000000000000e+00 
  7.561912934761530990e-05   0.000000000000000000e+00 
 -2.364264801144595849e-04   0.000000000000000000e+00 
 -5.153318052180107071e-04   0.000000000000000000e+00 
 -4.422501660883426666e-03   0.000000000000000000e+00 
  2.551137236878275871e-03   0.000000000000000000e+00 
  6.211131215095520020e-01   0.000000000000000000e+00 
  5.218739388510585915e-04   0.000000000000000000e+00 
  1.042469404637813351e-03   0.000000000000000000e+00 
  8.500432595608646428e-04   0.000000000000000000e+00 
  7.726648449897763893e-01   0.000000000000000000e+00 
 -1.082464004866786223e-03   0.000000000000000000e+00 
  1.218479010276496410e-03   0.000000000000000000e+00 
  2.148888772353530364e-03   0.000000000000000000e+00 
 -1.416501821950077794e-03   0.000000000000000000e+00 
  7.224935689009727132e-04   0.000000000000000000e+00 
 -8.025654242372821153e-04   0.000000000000000000e+00 
 -7.025100290775294909e-02   0.000000000000000000e+00 
  3.579385578632354303e-03   0.000000000000000000e+00 
 -1.385717041557660430e-04   0.000000000000000000e+00 
 -4.284419585019245101e-03   0.000000000000000000e+00 
  0.000000000000000000e+00   0.000000000000000000e+00 
  0.000000000000000000e+00   0.000000000000000000e+00 
  0.000000000000000000e+00   0.000000000000000000e+00 
  0.000000000000000000e+00   0.000000000000000000e+00 
  0.000000000000000000e+00   0.000000000000000000e+00 
  0.000000000000000000e+00   0.000000000000000000e+00 
  0.000000000000000000e+00   0.000000000000000000e+00 
  0.000000000000000000e+00   0.000000000000000000e+00 
  0.000000000000000000e+00   0.000000000000000000e+00 
  0.000000000000000000e+00   0.000000000000000000e+00 
  0.000000000000000000e+00   0.000000000000000000e+00 
  0.000000000000000000e+00   0.000000000000000000e+00 
  0.000000000000000000e+00   0.000000000000000000e+00 
  0.000000000000000000e+00   0.000000000000000000e+00 
  0.000000000000000000e+00   0.000000000000000000e+00 
  0.000000000000000000e+00   0.000000000000000000e+00 
  0.000000000000000000e+00   0.000000000000000000e+00 
  0.000000000000000000e+00   0.000000000000000000e+00 
  0.000000000000000000e+00   0.000000000000000000e+00 
  0.000000000000000000e+00   0.000000000000000000e+00 
  0.000000000000000000e+00   0.000000000000000000e+00 
  0.000000000000000000e+00   0.000000000000000000e+00 
  0.000000000000000000e+00   0.000000000000000000e+00 
  0.000000000000000000e+00   0.000000000000000000e+00 
  0.000000000000000000e+00   0.000000000000000000e+00 
  0.000000000000000000e+00   0.000000000000000000e+00 
  0.000000000000000000e+00   0.000000000000000000e+00 
  0.000000000000000000e+00   0.000000000000000000e+00 
  4.006860312073395013e-03   0.000000000000000000e+00 
 -8.491052687168137991e-02   0.000000000000000000e+00 
  1.155174802989181789e-03   0.000000000000000000e+00 
  1.438090694136916290e-03   0.000000000000000000e+00 
 -5.471342243254183856e-03   0.000000000000000000e+00 
  1.030545309185977865e-01   0.000000000000000000e+00 
  2.156786795240559114e-04   0.000000000000000000e+00 
 -1.066527445800601135e-03   0.000000000000000000e+00 
 -5.654920241795475915e-04   0.000000000000000000e+00 
 -5.424409173429009696e-03   0.000000000000000000e+00 
 -8.219351875595731077e-04   0.000000000000000000e+00 
  1.799420802854001522e-03   0.000000000000000000e+00 
  4.848553799092769623e-03   0.000000000000000000e+00 
 -3.858804935589457002e-03   0.000000000000000000e+00 
 -1.216105069033801556e-03   0.000000000000000000e+00 
  2.021423308178782029e-03   0.000000000000000000e+00 
 -9.443567693233489990e-02   0.000000000000000000e+00 
  3.753779223188827719e-03   0.000000000000000000e+00 
 -7.483348250389101897e-02   0.000000000000000000e+00 
  1.499023986980318806e-03   0.000000000000000000e+00 
  4.878610372543334961e-03   0.000000000000000000e+00 
 -3.108732635155321035e-03   0.000000000000000000e+00 
  8.789394982159139461e-03   0.000000000000000000e+00 
  1.460847705602644486e-01   0.000000000000000000e+00 
 -2.929999260231942303e-03   0.000000000000000000e+00 
 -5.517676007002591219e-03   0.000000000000000000e+00 
  5.543572362512350082e-03   0.000000000000000000e+00 
  9.945576190948484108e-01   0.000000000000000000e+00 
  0.000000000000000000e+00   0.000000000000000000e+00 
  0.000000000000000000e+00   0.000000000000000000e+00 
  0.000000000000000000e+00   0.000000000000000000e+00 
  0.000000000000000000e+00   0.000000000000000000e+00 
  0.000000000000000000e+00   0.000000000000000000e+00 
  0.000000000000000000e+00   0.000000000000000000e+00 
  0.000000000000000000e+00   0.000000000000000000e+00 
  0.000000000000000000e+00   0.000000000000000000e+00 
  0.000000000000000000e+00   0.000000000000000000e+00 
  0.000000000000000000e+00   0.000000000000000000e+00 
  0.000000000000000000e+00   0.000000000000000000e+00 
  0.000000000000000000e+00   0.000000000000000000e+00 
  0.000000000000000000e+00   0.000000000000000000e+00 
  0.000000000000000000e+00   0.000000000000000000e+00 
  0.000000000000000000e+00   0.000000000000000000e+00 
  0.000000000000000000e+00   0.000000000000000000e+00 
  0.000000000000000000e+00   0.000000000000000000e+00 
  0.000000000000000000e+00   0.000000000000000000e+00 
  0.000000000000000000e+00   0.000000000000000000e+00 
  0.000000000000000000e+00   0.000000000000000000e+00 
  0.000000000000000000e+00   0.000000000000000000e+00 
  0.000000000000000000e+00   0.000000000000000000e+00 
  0.000000000000000000e+00   0.000000000000000000e+00 
  0.000000000000000000e+00   0.000000000000000000e+00 
  0.000000000000000000e+00   0.000000000000000000e+00 
  0.000000000000000000e+00   0.000000000000000000e+00 
  0.000000000000000000e+00   0.000000000000000000e+00 
  0.000000000000000000e+00   0.000000000000000000e+00 
 -5.034731701016409433e-02   0.000000000000000000e+00 
 -3.083648858591562895e-03   0.000000000000000000e+00 
  7.627625018358222264e-02   0.000000000000000000e+00 
 -1.930951024405657595e-03   0.000000000000000000e+00 
  5.210530944168517784e-04   0.000000000000000000e+00 
  3.145507536828906492e-03   0.000000000000000000e+00 
 -6.432693451642984561e-02   0.000000000000000000e+00 
 -4.192148335278035945e-03   0.000000000000000000e+00 
  4.172624554485082626e-03   0.000000000000000000e+00 
 -2.620282117277384672e-03   0.000000000000000000e+00 
 -1.842042664065956636e-03   0.000000000000000000e+00 
  1.306071295402944088e-03   0.000000000000000000e+00 
 -9.281537495553495668e-04   0.000000000000000000e+00 
  1.288912026211617209e-03   0.000000000000000000e+00 
 -2.890754258260130882e-03   0.000000000000000000e+00 
  5.465850699692964554e-03   0.000000000000000000e+00 
 -4.300059285014850435e-03   0.000000000000000000e+00 
  7.799047976732260967e-02   0.000000000000000000e+00 
  3.024017438292497719e-03   0.000000000000000000e+00 
  6.233583204448222247e-03   0.000000000000000000e+00 
 -7.203972432762384415e-03   0.000000000000000000e+00 
  2.028476912528277745e-03   0.000000000000000000e+00 
  4.345601890236138430e-03   0.000000000000000000e+00 
  3.969133831560683716e-03   0.000000000000000000e+00 
  1.024461746215820312e+00   0.000000000000000000e+00 
  1.772834802977741415e-03   0.000000000000000000e+00 
  7.493411540053765332e-04   0.000000000000000000e+00 
 -5.277595017105175292e-03   0.000000000000000000e+00 
  0.000000000000000000e+00   0.000000000000000000e+00 
  0.000000000000000000e+00   0.000000000000000000e+00 
  0.000000000000000000e+00   0.000000000000000000e+00 
  0.000000000000000000e+00   0.000000000000000000e+00 
  0.000000000000000000e+00   0.000000000000000000e+00 
  0.000000000000000000e+00   0.000000000000000000e+00 
  0.000000000000000000e+00   0.000000000000000000e+00 
  0.000000000000000000e+00   0.000000000000000000e+00 
  0.000000000000000000e+00   0.000000000000000000e+00 
  0.000000000000000000e+00   0.000000000000000000e+00 
  0.000000000000000000e+00   0.000000000000000000e+00 
  0.000000000000000000e+00   0.000000000000000000e+00 
  0.000000000000000000e+00   0.000000000000000000e+00 
  0.000000000000000000e+00   0.000000000000000000e+00 
  0.000000000000000000e+00   0.000000000000000000e+00 
  0.000000000000000000e+00   0.000000000000000000e+00 
  0.000000000000000000e+00   0.000000000000000000e+00 
  0.000000000000000000e+00   0.000000000000000000e+00 
  0.000000000000000000e+00   0.000000000000000000e+00 
  0.000000000000000000e+00   0.000000000000000000e+00 
  0.000000000000000000e+00   0.000000000000000000e+00 
  0.000000000000000000e+00   0.000000000000000000e+00 
  0.000000000000000000e+00   0.000000000000000000e+00 
  0.000000000000000000e+00   0.000000000000000000e+00 
  0.000000000000000000e+00   0.000000000000000000e+00 
  0.000000000000000000e+00   0.000000000000000000e+00 
  0.000000000000000000e+00   0.000000000000000000e+00 
  0.000000000000000000e+00   0.000000000000000000e+00 
  3.172253957018487773e-03   0.000000000000000000e+00 
  7.312414050102213070e-02   0.000000000000000000e+00 
 -3.597567090764804392e-03   0.000000000000000000e+00 
  1.731753000058234388e-03   0.000000000000000000e+00 
 -1.268682681256902488e-04   0.000000000000000000e+00 
  1.752088963985456646e-02   0.000000000000000000e+00 
 -7.699478301218214268e-04   0.000000000000000000e+00 
  4.944566753692933650e-04   0.000000000000000000e+00 
 -1.363040297292173342e-03   0.000000000000000000e+00 
  3.293087065685541522e-04   0.000000000000000000e+00 
  2.698784694075584845e-03   0.000000000000000000e+00 
 -1.196326222270727158e-03   0.000000000000000000e+00 
  1.373384497128427029e-03   0.000000000000000000e+00 
 -1.594346831552684090e-03   0.000000000000000000e+00 
  2.610383089631795883e-03   0.000000000000000000e+00 
 -2.666953951120376587e-03   0.000000000000000000e+00 
  1.859075874090194702e-01   0.000000000000000000e+00 
  1.160417334176575910e-03   0.000000000000000000e+00 
 -1.769386380910872303e-01   0.000000000000000000e+00 
  1.179416081868112087e-03   0.000000000000000000e+00 
  3.740223124623298645e-03   0.000000000000000000e+00 
 -8.257307927124198999e-04   0.000000000000000000e+00 
 -1.741655403748154640e-03   0.000000000000000000e+00 
  9.602575898170471191e-01   0.000000000000000000e+00 
  2.282791305333388941e-03   0.000000000000000000e+00 
  5.690507823601359668e-04   0.000000000000000000e+00 
 -7.880624616518615592e-04   0.000000000000000000e+00 
 -1.315470486879349865e-01   0.000000000000000000e+00 
  0.000000000000000000e+00   0.000000000000000000e+00 
  0.000000000000000000e+00   0.000000000000000000e+00 
  0.000000000000000000e+00   0.000000000000000000e+00 
  0.000000000000000000e+00   0.000000000000000000e+00 
  0.000000000000000000e+00   0.000000000000000000e+00 
  0.000000000000000000e+00   0.000000000000000000e+00 
  0.000000000000000000e+00   0.000000000000000000e+00 
  0.000000000000000000e+00   0.000000000000000000e+00 
  0.000000000000000000e+00   0.000000000000000000e+00 
  0.000000000000000000e+00   0.000000000000000000e+00 
  0.000000000000000000e+00   0.000000000000000000e+00 
  0.000000000000000000e+00   0.000000000000000000e+00 
  0.000000000000000000e+00   0.000000000000000000e+00 
  0.000000000000000000e+00   0.000000000000000000e+00 
  0.000000000000000000e+00   0.000000000000000000e+00 
  0.000000000000000000e+00   0.000000000000000000e+00 
  0.000000000000000000e+00   0.000000000000000000e+00 
  0.000000000000000000e+00   0.000000000000000000e+00 
  0.000000000000000000e+00   0.000000000000000000e+00 
  0.000000000000000000e+00   0.000000000000000000e+00 
  0.000000000000000000e+00   0.000000000000000000e+00 
  0.000000000000000000e+00   0.000000000000000000e+00 
  0.000000000000000000e+00   0.000000000000000000e+00 
  0.000000000000000000e+00   0.000000000000000000e+00 
  0.000000000000000000e+00   0.000000000000000000e+00 
  0.000000000000000000e+00   0.000000000000000000e+00 
  0.000000000000000000e+00   0.000000000000000000e+00 
  0.000000000000000000e+00   0.000000000000000000e+00 
 -6.131873815320458207e-04   0.000000000000000000e+00 
  2.045954810455443643e-03   0.000000000000000000e+00 
 -5.169400828890513295e-04   0.000000000000000000e+00 
  9.615228511392763175e-03   0.000000000000000000e+00 
 -2.721842902245112206e-04   0.000000000000000000e+00 
  2.081269631162287973e-04   0.000000000000000000e+00 
  5.257126395008482019e-05   0.000000000000000000e+00 
 -8.417598158121110397e-02   0.000000000000000000e+00 
 -1.963446736335756060e-01   0.000000000000000000e+00 
  1.644756994210171694e-03   0.000000000000000000e+00 
 -4.207706078887063841e-03   0.000000000000000000e+00 
 -2.366873435676097870e-03   0.000000000000000000e+00 
  2.757078036665916443e-03   0.000000000000000000e+00 
 -2.318442275281997161e-04   0.000000000000000000e+00 
 -6.035088095813989639e-03   0.000000000000000000e+00 
 -1.886352896690368869e-03   0.000000000000000000e+00 
 -2.518700668588280678e-03   0.000000000000000000e+00 
  7.527827401645480502e-04   0.000000000000000000e+00 
  5.103460978716610995e-03   0.000000000000000000e+00 
  1.576902903616428375e-02   0.000000000000000000e+00 
 -1.030012406408786080e-02   0.000000000000000000e+00 
  1.816393435001371903e-01   0.000000000000000000e+00 
  6.214668974280362912e-02   0.000000000000000000e+00 
  4.159173928201199445e-03   0.000000000000000000e+00 
 -4.962753155268730901e-04   0.000000000000000000e+00 
 -6.081265211105345569e-01   0.000000000000000000e+00 
 -7.121077179908752441e-01   0.000000000000000000e+00 
  5.223050829954443194e-04   0.000000000000000000e+00 
  0.000000000000000000e+00   0.000000000000000000e+00 
  0.000000000000000000e+00   0.000000000000000000e+00 
  0.000000000000000000e+00   0.000000000000000000e+00 
  0.000000000000000000e+00   0.000000000000000000e+00 
  0.000000000000000000e+00   0.000000000000000000e+00 
  0.000000000000000000e+00   0.000000000000000000e+00 
  0.000000000000000000e+00   0.000000000000000000e+00 
  0.000000000000000000e+00   0.000000000000000000e+00 
  0.000000000000000000e+00   0.000000000000000000e+00 
  0.000000000000000000e+00   0.000000000000000000e+00 
  0.000000000000000000e+00   0.000000000000000000e+00 
  0.000000000000000000e+00   0.000000000000000000e+00 
  0.000000000000000000e+00   0.000000000000000000e+00 
  0.000000000000000000e+00   0.000000000000000000e+00 
  0.000000000000000000e+00   0.000000000000000000e+00 
  0.000000000000000000e+00   0.000000000000000000e+00 
  0.000000000000000000e+00   0.000000000000000000e+00 
  0.000000000000000000e+00   0.000000000000000000e+00 
  0.000000000000000000e+00   0.000000000000000000e+00 
  0.000000000000000000e+00   0.000000000000000000e+00 
  0.000000000000000000e+00   0.000000000000000000e+00 
  0.000000000000000000e+00   0.000000000000000000e+00 
  0.000000000000000000e+00   0.000000000000000000e+00 
  0.000000000000000000e+00   0.000000000000000000e+00 
  0.000000000000000000e+00   0.000000000000000000e+00 
  0.000000000000000000e+00   0.000000000000000000e+00 
  0.000000000000000000e+00   0.000000000000000000e+00 
  0.000000000000000000e+00   0.000000000000000000e+00 
  2.216675318777559887e-03   0.000000000000000000e+00 
  2.086106222122905904e-03   0.000000000000000000e+00 
  4.022881854325534648e-03   0.000000000000000000e+00 
  3.960530273616084083e-03   0.000000000000000000e+00 
  8.233319036662373885e-03   0.000000000000000000e+00 
  1.633598003536450315e-04   0.000000000000000000e+00 
 -6.152002024464308131e-04   0.000000000000000000e+00 
 -1.933754384517669678e-01   0.000000000000000000e+00 
  8.508000522851949521e-02   0.000000000000000000e+00 
  1.849542059055545745e-05   0.000000000000000000e+00 
  7.615501992404479122e-03   0.000000000000000000e+00 
  1.718662562780082009e-03   0.000000000000000000e+00 
  1.050641410984099128e-03   0.000000000000000000e+00 
 -1.342328730970620675e-03   0.000000000000000000e+00 
  4.770722240209579468e-03   0.000000000000000000e+00 
 -5.665652453899383545e-03   0.000000000000000000e+00 
  3.390900557860732079e-03   0.000000000000000000e+00 
  1.890259096398949189e-03   0.000000000000000000e+00 
 -3.382127964869142012e-03   0.000000000000000000e+00 
 -1.899146847426891327e-02   0.000000000000000000e+00 
 -4.888632334768753911e-03   0.000000000000000000e+00 
  6.417320668697355790e-02   0.000000000000000000e+00 
 -1.826853603124619640e-01   0.000000000000000000e+00 
 -3.586171660572289987e-03   0.000000000000000000e+00 
 -3.136228770017623468e-03   0.000000000000000000e+00 
 -7.120213508605954811e-01   0.000000000000000000e+00 
  6.059626936912536621e-01   0.000000000000000000e+00 
  1.432243152521551306e-03   0.000000000000000000e+00 
